0.13512	0.0
0.1684	0.0001
0.18632	0.0002
0.1875	0.0003
0.18863	0.0004
0.19008	0.0005
0.19472	0.0006
0.19649	0.0007
0.19985	0.0008
0.20152	0.0009
0.2039	0.001
0.21237	0.0011
0.21313	0.0012
0.2151	0.0013
0.21666	0.0014
0.21928	0.0015
0.21987	0.0016
0.22137	0.0017
0.22644	0.0018
0.22842	0.0019
0.23456	0.002
0.23717	0.0021
0.23723	0.0022
0.23751	0.0023
0.23795	0.0024
0.23882	0.0025
0.25229	0.0026
0.25335	0.0027
0.2534	0.0028
0.25348	0.0029
0.25602	0.003
0.25617	0.0031
0.26231	0.0032
0.26579	0.0033
0.26753	0.0034
0.27143	0.0035
0.27641	0.0036
0.27654	0.0037
0.277	0.0038
0.27833	0.0039
0.27901	0.004
0.28349	0.0041
0.28764	0.0042
0.2916	0.0043
0.29557	0.0044
0.29639	0.0045
0.29688	0.0046
0.29722	0.0047
0.29837	0.0048
0.29904	0.0049
0.30041	0.005
0.30923	0.0051
0.3106	0.0052
0.31069	0.0053
0.31164	0.0054
0.3136	0.0055
0.31373	0.0056
0.31518	0.0057
0.31551	0.0058
0.31618	0.0059
0.31765	0.006
0.31921	0.0061
0.32107	0.0062
0.32155	0.0063
0.32221	0.0064
0.32422	0.0065
0.32528	0.0066
0.32761	0.0067
0.32776	0.0068
0.32784	0.0069
0.32819	0.007
0.32849	0.0071
0.32896	0.0072
0.32914	0.0073
0.32919	0.0074
0.3303	0.0075
0.33102	0.0076
0.33147	0.0077
0.33483	0.0078
0.33569	0.0079
0.33823	0.008
0.34026	0.0081
0.34143	0.0082
0.34395	0.0083
0.345	0.0084
0.34651	0.0085
0.34827	0.0086
0.34959	0.0087
0.34967	0.0088
0.35198	0.0089
0.35205	0.009
0.3521	0.0091
0.35279	0.0092
0.35286	0.0093
0.35571	0.0094
0.35607	0.0095
0.3563	0.0096
0.35897	0.0097
0.35922	0.0098
0.36156	0.0099
0.36263	0.01
0.36275	0.0101
0.36278	0.0102
0.36303	0.0103
0.36409	0.0104
0.36436	0.0105
0.36476	0.0106
0.3651	0.0107
0.36597	0.0108
0.36658	0.0109
0.36832	0.011
0.36925	0.0111
0.36995	0.0112
0.37072	0.0113
0.37146	0.0114
0.37235	0.0115
0.37239	0.0116
0.37258	0.0117
0.37326	0.0118
0.37353	0.0119
0.37383	0.012
0.37469	0.0121
0.37519	0.0122
0.37603	0.0123
0.37636	0.0124
0.37672	0.0125
0.37799	0.0126
0.37832	0.0127
0.3801	0.0128
0.38049	0.0129
0.38058	0.013
0.38174	0.0131
0.38257	0.0132
0.38369	0.0133
0.38443	0.0134
0.38457	0.0135
0.38503	0.0136
0.3904	0.0137
0.39112	0.0138
0.39124	0.0139
0.39188	0.014
0.39197	0.0141
0.39233	0.0142
0.39282	0.0143
0.39305	0.0144
0.39434	0.0145
0.39448	0.0146
0.39512	0.0147
0.39635	0.0148
0.397	0.0149
0.39966	0.015
0.40066	0.0151
0.40091	0.0152
0.40124	0.0153
0.40146	0.0154
0.40199	0.0155
0.40436	0.0156
0.40746	0.0157
0.40848	0.0158
0.41021	0.0159
0.41131	0.016
0.41283	0.0161
0.41305	0.0162
0.41802	0.0163
0.41894	0.0164
0.42016	0.0165
0.42054	0.0166
0.42205	0.0167
0.42217	0.0168
0.42426	0.0169
0.42489	0.017
0.42502	0.0171
0.42503	0.0172
0.42623	0.0173
0.42623	0.0174
0.42669	0.0175
0.42689	0.0176
0.42707	0.0177
0.42739	0.0178
0.42835	0.0179
0.42859	0.018
0.42862	0.0181
0.42904	0.0182
0.4296	0.0183
0.42962	0.0184
0.42975	0.0185
0.43051	0.0186
0.43168	0.0187
0.43168	0.0188
0.43213	0.0189
0.43342	0.019
0.43373	0.0191
0.43379	0.0192
0.4347	0.0193
0.43645	0.0194
0.43695	0.0195
0.43852	0.0196
0.43907	0.0197
0.43933	0.0198
0.44144	0.0199
0.44186	0.02
0.44234	0.0201
0.44238	0.0202
0.44345	0.0203
0.44394	0.0204
0.44747	0.0205
0.44849	0.0206
0.44863	0.0207
0.44895	0.0208
0.44956	0.0209
0.44986	0.021
0.45028	0.0211
0.45067	0.0212
0.45068	0.0213
0.45073	0.0214
0.45112	0.0215
0.45265	0.0216
0.45339	0.0217
0.4537	0.0218
0.45406	0.0219
0.45592	0.022
0.45658	0.0221
0.45748	0.0222
0.45759	0.0223
0.45807	0.0224
0.45974	0.0225
0.46215	0.0226
0.46247	0.0227
0.46273	0.0228
0.46428	0.0229
0.46437	0.023
0.46559	0.0231
0.46602	0.0232
0.46793	0.0233
0.47069	0.0234
0.47133	0.0235
0.47308	0.0236
0.47394	0.0237
0.47685	0.0238
0.47688	0.0239
0.47783	0.024
0.47828	0.0241
0.47863	0.0242
0.47921	0.0243
0.48032	0.0244
0.48154	0.0245
0.48211	0.0246
0.48302	0.0247
0.48409	0.0248
0.48433	0.0249
0.48595	0.025
0.48604	0.0251
0.48632	0.0252
0.4875	0.0253
0.48847	0.0254
0.48896	0.0255
0.49042	0.0256
0.49369	0.0257
0.4943	0.0258
0.49585	0.0259
0.49601	0.026
0.49605	0.0261
0.49631	0.0262
0.49688	0.0263
0.49804	0.0264
0.49857	0.0265
0.49881	0.0266
0.49905	0.0267
0.50229	0.0268
0.50455	0.0269
0.5055	0.027
0.5061	0.0271
0.50624	0.0272
0.50657	0.0273
0.50715	0.0274
0.50745	0.0275
0.50875	0.0276
0.50964	0.0277
0.51035	0.0278
0.51071	0.0279
0.51083	0.028
0.51126	0.0281
0.51174	0.0282
0.51261	0.0283
0.51416	0.0284
0.51533	0.0285
0.51545	0.0286
0.51602	0.0287
0.5171	0.0288
0.51971	0.0289
0.52037	0.029
0.52177	0.0291
0.52177	0.0292
0.52375	0.0293
0.52584	0.0294
0.52618	0.0295
0.52645	0.0296
0.52707	0.0297
0.5277	0.0298
0.52782	0.0299
0.53068	0.03
0.53092	0.0301
0.53294	0.0302
0.53303	0.0303
0.53354	0.0304
0.53382	0.0305
0.53452	0.0306
0.5356	0.0307
0.53669	0.0308
0.53677	0.0309
0.53822	0.031
0.53846	0.0311
0.53903	0.0312
0.54033	0.0313
0.54078	0.0314
0.54102	0.0315
0.54103	0.0316
0.54129	0.0317
0.54147	0.0318
0.54243	0.0319
0.54273	0.032
0.54399	0.0321
0.54514	0.0322
0.54536	0.0323
0.5458	0.0324
0.54645	0.0325
0.54727	0.0326
0.54734	0.0327
0.54872	0.0328
0.54926	0.0329
0.55094	0.033
0.55154	0.0331
0.55194	0.0332
0.55208	0.0333
0.55275	0.0334
0.55278	0.0335
0.55292	0.0336
0.55364	0.0337
0.55685	0.0338
0.55759	0.0339
0.55828	0.034
0.55893	0.0341
0.5591	0.0342
0.55935	0.0343
0.55974	0.0344
0.55994	0.0345
0.56112	0.0346
0.56201	0.0347
0.56211	0.0348
0.56278	0.0349
0.56382	0.035
0.5647	0.0351
0.56501	0.0352
0.56516	0.0353
0.56603	0.0354
0.56637	0.0355
0.56657	0.0356
0.56658	0.0357
0.56763	0.0358
0.56908	0.0359
0.56946	0.036
0.57076	0.0361
0.57091	0.0362
0.57109	0.0363
0.57164	0.0364
0.57165	0.0365
0.57215	0.0366
0.57299	0.0367
0.57346	0.0368
0.57351	0.0369
0.57373	0.037
0.57383	0.0371
0.57635	0.0372
0.57716	0.0373
0.57856	0.0374
0.57859	0.0375
0.57879	0.0376
0.57913	0.0377
0.58022	0.0378
0.58465	0.0379
0.58478	0.038
0.58486	0.0381
0.5853	0.0382
0.58554	0.0383
0.58576	0.0384
0.58583	0.0385
0.58589	0.0386
0.58753	0.0387
0.58763	0.0388
0.58851	0.0389
0.59101	0.039
0.5916	0.0391
0.59173	0.0392
0.59211	0.0393
0.59223	0.0394
0.5924	0.0395
0.59277	0.0396
0.59306	0.0397
0.5931	0.0398
0.59374	0.0399
0.5954	0.04
0.59557	0.0401
0.59711	0.0402
0.5978	0.0403
0.60033	0.0404
0.60078	0.0405
0.60106	0.0406
0.6031	0.0407
0.60324	0.0408
0.60329	0.0409
0.60374	0.041
0.60393	0.0411
0.60424	0.0412
0.60491	0.0413
0.60513	0.0414
0.6072	0.0415
0.6072	0.0416
0.60797	0.0417
0.60827	0.0418
0.60836	0.0419
0.60903	0.042
0.60984	0.0421
0.60997	0.0422
0.61006	0.0423
0.61153	0.0424
0.61178	0.0425
0.61287	0.0426
0.61312	0.0427
0.61313	0.0428
0.6133	0.0429
0.61492	0.043
0.6152	0.0431
0.61665	0.0432
0.61688	0.0433
0.61799	0.0434
0.61804	0.0435
0.61942	0.0436
0.61942	0.0437
0.62067	0.0438
0.62106	0.0439
0.62157	0.044
0.62193	0.0441
0.62297	0.0442
0.62327	0.0443
0.62433	0.0444
0.62509	0.0445
0.62532	0.0446
0.62557	0.0447
0.62573	0.0448
0.62632	0.0449
0.62729	0.045
0.62833	0.0451
0.62933	0.0452
0.62966	0.0453
0.63031	0.0454
0.63066	0.0455
0.6307	0.0456
0.63098	0.0457
0.63104	0.0458
0.63107	0.0459
0.63284	0.046
0.63366	0.0461
0.634	0.0462
0.63439	0.0463
0.63465	0.0464
0.63501	0.0465
0.63504	0.0466
0.63567	0.0467
0.63748	0.0468
0.63926	0.0469
0.64069	0.047
0.64128	0.0471
0.6414	0.0472
0.64148	0.0473
0.64436	0.0474
0.6449	0.0475
0.64535	0.0476
0.64591	0.0477
0.64666	0.0478
0.64728	0.0479
0.64969	0.048
0.65301	0.0481
0.65316	0.0482
0.65339	0.0483
0.65436	0.0484
0.6548	0.0485
0.65486	0.0486
0.65563	0.0487
0.65719	0.0488
0.65775	0.0489
0.65874	0.049
0.66144	0.0491
0.66145	0.0492
0.66176	0.0493
0.66228	0.0494
0.66276	0.0495
0.66283	0.0496
0.66403	0.0497
0.66464	0.0498
0.66487	0.0499
0.66587	0.05
0.66649	0.0501
0.66692	0.0502
0.66739	0.0503
0.66842	0.0504
0.66969	0.0505
0.66986	0.0506
0.67118	0.0507
0.67123	0.0508
0.67207	0.0509
0.67225	0.051
0.67302	0.0511
0.67364	0.0512
0.67388	0.0513
0.67576	0.0514
0.6761	0.0515
0.67611	0.0516
0.67687	0.0517
0.67727	0.0518
0.67755	0.0519
0.67763	0.052
0.67784	0.0521
0.679	0.0522
0.67966	0.0523
0.67973	0.0524
0.67973	0.0525
0.67981	0.0526
0.67989	0.0527
0.68103	0.0528
0.68191	0.0529
0.68207	0.053
0.68256	0.0531
0.68355	0.0532
0.68356	0.0533
0.68384	0.0534
0.68448	0.0535
0.68491	0.0536
0.68512	0.0537
0.68614	0.0538
0.6865	0.0539
0.68655	0.054
0.68673	0.0541
0.68862	0.0542
0.68877	0.0543
0.68886	0.0544
0.69129	0.0545
0.69218	0.0546
0.69278	0.0547
0.69311	0.0548
0.6937	0.0549
0.69377	0.055
0.69517	0.0551
0.69532	0.0552
0.69554	0.0553
0.69583	0.0554
0.69623	0.0555
0.69628	0.0556
0.69631	0.0557
0.69804	0.0558
0.69814	0.0559
0.69836	0.056
0.69857	0.0561
0.69866	0.0562
0.6995	0.0563
0.69968	0.0564
0.69973	0.0565
0.69999	0.0566
0.70177	0.0567
0.70253	0.0568
0.70261	0.0569
0.70326	0.057
0.70345	0.0571
0.7038	0.0572
0.70439	0.0573
0.70488	0.0574
0.70622	0.0575
0.70646	0.0576
0.70694	0.0577
0.70722	0.0578
0.7078	0.0579
0.70865	0.058
0.70894	0.0581
0.709	0.0582
0.71169	0.0583
0.71334	0.0584
0.7146	0.0585
0.71595	0.0586
0.71741	0.0587
0.71764	0.0588
0.71767	0.0589
0.718	0.059
0.71886	0.0591
0.71907	0.0592
0.7198	0.0593
0.7199	0.0594
0.7202	0.0595
0.72027	0.0596
0.72028	0.0597
0.72042	0.0598
0.72114	0.0599
0.72191	0.06
0.72224	0.0601
0.72305	0.0602
0.72378	0.0603
0.72482	0.0604
0.72545	0.0605
0.72599	0.0606
0.72662	0.0607
0.72741	0.0608
0.72749	0.0609
0.72862	0.061
0.72894	0.0611
0.72907	0.0612
0.72926	0.0613
0.73013	0.0614
0.73031	0.0615
0.73314	0.0616
0.73414	0.0617
0.73445	0.0618
0.73476	0.0619
0.73548	0.062
0.73567	0.0621
0.73589	0.0622
0.73663	0.0623
0.73699	0.0624
0.73731	0.0625
0.73749	0.0626
0.73768	0.0627
0.73771	0.0628
0.73846	0.0629
0.7394	0.063
0.73969	0.0631
0.73993	0.0632
0.74035	0.0633
0.74054	0.0634
0.74129	0.0635
0.74146	0.0636
0.74241	0.0637
0.74242	0.0638
0.74254	0.0639
0.743	0.064
0.74303	0.0641
0.74354	0.0642
0.74436	0.0643
0.74563	0.0644
0.74697	0.0645
0.74875	0.0646
0.7489	0.0647
0.74939	0.0648
0.75082	0.0649
0.75082	0.065
0.75188	0.0651
0.75208	0.0652
0.7527	0.0653
0.75465	0.0654
0.75526	0.0655
0.75542	0.0656
0.7573	0.0657
0.75768	0.0658
0.76032	0.0659
0.76152	0.066
0.76361	0.0661
0.7642	0.0662
0.76436	0.0663
0.76457	0.0664
0.76565	0.0665
0.76582	0.0666
0.76584	0.0667
0.76835	0.0668
0.76924	0.0669
0.76949	0.067
0.77017	0.0671
0.77034	0.0672
0.77098	0.0673
0.77242	0.0674
0.77266	0.0675
0.77286	0.0676
0.77354	0.0677
0.7737	0.0678
0.77399	0.0679
0.77421	0.068
0.77425	0.0681
0.77446	0.0682
0.77451	0.0683
0.77455	0.0684
0.775	0.0685
0.77633	0.0686
0.77687	0.0687
0.77729	0.0688
0.77792	0.0689
0.77797	0.069
0.77798	0.0691
0.7789	0.0692
0.77891	0.0693
0.77893	0.0694
0.77944	0.0695
0.77946	0.0696
0.78045	0.0697
0.78068	0.0698
0.78183	0.0699
0.78214	0.07
0.78285	0.0701
0.78401	0.0702
0.7842	0.0703
0.78502	0.0704
0.78566	0.0705
0.78584	0.0706
0.78635	0.0707
0.78695	0.0708
0.78723	0.0709
0.78776	0.071
0.78822	0.0711
0.78926	0.0712
0.79029	0.0713
0.79106	0.0714
0.79187	0.0715
0.79368	0.0716
0.79375	0.0717
0.79429	0.0718
0.79464	0.0719
0.7951	0.072
0.79569	0.0721
0.79709	0.0722
0.79712	0.0723
0.79856	0.0724
0.79944	0.0725
0.79955	0.0726
0.7996	0.0727
0.80022	0.0728
0.80079	0.0729
0.80086	0.073
0.80215	0.0731
0.80218	0.0732
0.80227	0.0733
0.80273	0.0734
0.80274	0.0735
0.80289	0.0736
0.80304	0.0737
0.8033	0.0738
0.80375	0.0739
0.8038	0.074
0.80415	0.0741
0.80528	0.0742
0.80538	0.0743
0.80546	0.0744
0.80677	0.0745
0.80684	0.0746
0.80705	0.0747
0.80707	0.0748
0.80717	0.0749
0.80826	0.075
0.80878	0.0751
0.81105	0.0752
0.81198	0.0753
0.81347	0.0754
0.81394	0.0755
0.81424	0.0756
0.81427	0.0757
0.81449	0.0758
0.81453	0.0759
0.81569	0.076
0.81618	0.0761
0.8162	0.0762
0.81654	0.0763
0.81709	0.0764
0.81781	0.0765
0.81828	0.0766
0.81847	0.0767
0.81876	0.0768
0.81995	0.0769
0.82025	0.077
0.82116	0.0771
0.82122	0.0772
0.82224	0.0773
0.82236	0.0774
0.82405	0.0775
0.82469	0.0776
0.82545	0.0777
0.82555	0.0778
0.82577	0.0779
0.82644	0.078
0.82806	0.0781
0.82823	0.0782
0.82863	0.0783
0.82899	0.0784
0.82921	0.0785
0.8297	0.0786
0.83027	0.0787
0.83043	0.0788
0.83046	0.0789
0.83175	0.079
0.832	0.0791
0.83221	0.0792
0.83224	0.0793
0.83289	0.0794
0.83302	0.0795
0.83305	0.0796
0.83343	0.0797
0.8338	0.0798
0.83431	0.0799
0.83432	0.08
0.83437	0.0801
0.83551	0.0802
0.83603	0.0803
0.83623	0.0804
0.83657	0.0805
0.83728	0.0806
0.83759	0.0807
0.83777	0.0808
0.83807	0.0809
0.83833	0.081
0.83866	0.0811
0.83906	0.0812
0.84	0.0813
0.84021	0.0814
0.84025	0.0815
0.84144	0.0816
0.84234	0.0817
0.84235	0.0818
0.84253	0.0819
0.84334	0.082
0.84364	0.0821
0.8438	0.0822
0.84405	0.0823
0.84445	0.0824
0.84728	0.0825
0.8473	0.0826
0.84781	0.0827
0.84783	0.0828
0.84789	0.0829
0.84847	0.083
0.8487	0.0831
0.849	0.0832
0.84902	0.0833
0.84949	0.0834
0.85012	0.0835
0.85012	0.0836
0.85056	0.0837
0.8509	0.0838
0.85174	0.0839
0.85259	0.084
0.85262	0.0841
0.85482	0.0842
0.85562	0.0843
0.85626	0.0844
0.8564	0.0845
0.85657	0.0846
0.85728	0.0847
0.85761	0.0848
0.85865	0.0849
0.85887	0.085
0.85893	0.0851
0.85936	0.0852
0.85948	0.0853
0.85964	0.0854
0.8605	0.0855
0.86098	0.0856
0.86169	0.0857
0.86215	0.0858
0.86222	0.0859
0.86243	0.086
0.86258	0.0861
0.86311	0.0862
0.86437	0.0863
0.86447	0.0864
0.86494	0.0865
0.86517	0.0866
0.86527	0.0867
0.86531	0.0868
0.86532	0.0869
0.86564	0.087
0.86573	0.0871
0.86579	0.0872
0.86584	0.0873
0.86696	0.0874
0.86714	0.0875
0.86719	0.0876
0.868	0.0877
0.86858	0.0878
0.86914	0.0879
0.86943	0.088
0.86993	0.0881
0.87088	0.0882
0.87103	0.0883
0.87117	0.0884
0.87139	0.0885
0.87196	0.0886
0.87264	0.0887
0.87293	0.0888
0.87429	0.0889
0.87432	0.089
0.87465	0.0891
0.87503	0.0892
0.87589	0.0893
0.87794	0.0894
0.87817	0.0895
0.87871	0.0896
0.87875	0.0897
0.87979	0.0898
0.88036	0.0899
0.88144	0.09
0.88166	0.0901
0.88269	0.0902
0.88297	0.0903
0.88325	0.0904
0.88354	0.0905
0.88397	0.0906
0.88619	0.0907
0.88639	0.0908
0.88684	0.0909
0.88741	0.091
0.88818	0.0911
0.89022	0.0912
0.89133	0.0913
0.89214	0.0914
0.8924	0.0915
0.89318	0.0916
0.89421	0.0917
0.89424	0.0918
0.89451	0.0919
0.8949	0.092
0.89597	0.0921
0.89674	0.0922
0.89756	0.0923
0.89986	0.0924
0.8999	0.0925
0.90049	0.0926
0.90054	0.0927
0.9007	0.0928
0.90087	0.0929
0.90092	0.093
0.90133	0.0931
0.90247	0.0932
0.90293	0.0933
0.90348	0.0934
0.90395	0.0935
0.90403	0.0936
0.90498	0.0937
0.90504	0.0938
0.90509	0.0939
0.90638	0.094
0.90647	0.0941
0.9076	0.0942
0.90801	0.0943
0.91021	0.0944
0.91058	0.0945
0.91061	0.0946
0.91067	0.0947
0.91244	0.0948
0.91258	0.0949
0.91274	0.095
0.91319	0.0951
0.91365	0.0952
0.91385	0.0953
0.91386	0.0954
0.91391	0.0955
0.91393	0.0956
0.91454	0.0957
0.91529	0.0958
0.9157	0.0959
0.91635	0.096
0.9187	0.0961
0.91872	0.0962
0.91874	0.0963
0.9195	0.0964
0.91983	0.0965
0.91998	0.0966
0.91999	0.0967
0.92043	0.0968
0.92158	0.0969
0.92181	0.097
0.92236	0.0971
0.92294	0.0972
0.9234	0.0973
0.92351	0.0974
0.92367	0.0975
0.92443	0.0976
0.92489	0.0977
0.92573	0.0978
0.92576	0.0979
0.9288	0.098
0.92965	0.0981
0.93125	0.0982
0.93187	0.0983
0.93236	0.0984
0.93268	0.0985
0.93283	0.0986
0.9343	0.0987
0.93431	0.0988
0.93474	0.0989
0.93492	0.099
0.93507	0.0991
0.93596	0.0992
0.93618	0.0993
0.93623	0.0994
0.93845	0.0995
0.93878	0.0996
0.94041	0.0997
0.94063	0.0998
0.94205	0.0999
0.9423	0.1
0.94257	0.1001
0.94261	0.1002
0.9428	0.1003
0.94353	0.1004
0.94384	0.1005
0.9441	0.1006
0.94479	0.1007
0.9459	0.1008
0.94635	0.1009
0.94648	0.101
0.94675	0.1011
0.94701	0.1012
0.94701	0.1013
0.94776	0.1014
0.9478	0.1015
0.94814	0.1016
0.94918	0.1017
0.95042	0.1018
0.95049	0.1019
0.95063	0.102
0.95146	0.1021
0.952	0.1022
0.95296	0.1023
0.9539	0.1024
0.95453	0.1025
0.95497	0.1026
0.95499	0.1027
0.95516	0.1028
0.95555	0.1029
0.95616	0.103
0.95757	0.1031
0.95759	0.1032
0.95793	0.1033
0.96034	0.1034
0.9637	0.1035
0.96387	0.1036
0.96407	0.1037
0.96478	0.1038
0.96512	0.1039
0.96642	0.104
0.96726	0.1041
0.96782	0.1042
0.96826	0.1043
0.96853	0.1044
0.96943	0.1045
0.97069	0.1046
0.97072	0.1047
0.97132	0.1048
0.97223	0.1049
0.97406	0.105
0.97532	0.1051
0.97539	0.1052
0.97636	0.1053
0.9767	0.1054
0.97744	0.1055
0.97769	0.1056
0.97834	0.1057
0.97895	0.1058
0.97896	0.1059
0.98053	0.106
0.98181	0.1061
0.98194	0.1062
0.98341	0.1063
0.98368	0.1064
0.98387	0.1065
0.98513	0.1066
0.98522	0.1067
0.98615	0.1068
0.9863	0.1069
0.98632	0.107
0.98683	0.1071
0.98686	0.1072
0.98738	0.1073
0.98744	0.1074
0.98763	0.1075
0.98815	0.1076
0.99009	0.1077
0.99025	0.1078
0.99083	0.1079
0.99159	0.108
0.99163	0.1081
0.9919	0.1082
0.99277	0.1083
0.99361	0.1084
0.99376	0.1085
0.99445	0.1086
0.99457	0.1087
0.99462	0.1088
0.99538	0.1089
0.99553	0.109
0.99625	0.1091
0.99787	0.1092
0.99801	0.1093
0.99824	0.1094
0.99854	0.1095
0.99905	0.1096
0.99994	0.1097
