0.139	0.0
0.158	0.0001
0.164	0.0002
0.17	0.0003
0.174	0.0004
0.181	0.0005
0.189	0.0006
0.19	0.0007
0.197	0.0008
0.197	0.0009
0.198	0.001
0.199	0.0011
0.205	0.0012
0.205	0.0013
0.207	0.0014
0.208	0.0015
0.21	0.0016
0.214	0.0017
0.215	0.0018
0.219	0.0019
0.22	0.002
0.222	0.0021
0.226	0.0022
0.226	0.0023
0.227	0.0024
0.232	0.0025
0.234	0.0026
0.234	0.0027
0.235	0.0028
0.235	0.0029
0.236	0.003
0.236	0.0031
0.237	0.0032
0.237	0.0033
0.237	0.0034
0.238	0.0035
0.239	0.0036
0.239	0.0037
0.24	0.0038
0.24	0.0039
0.242	0.004
0.244	0.0041
0.246	0.0042
0.246	0.0043
0.247	0.0044
0.248	0.0045
0.25	0.0046
0.25	0.0047
0.252	0.0048
0.252	0.0049
0.252	0.005
0.253	0.0051
0.253	0.0052
0.255	0.0053
0.256	0.0054
0.258	0.0055
0.259	0.0056
0.26	0.0057
0.26	0.0058
0.262	0.0059
0.262	0.006
0.264	0.0061
0.266	0.0062
0.266	0.0063
0.266	0.0064
0.267	0.0065
0.269	0.0066
0.269	0.0067
0.271	0.0068
0.272	0.0069
0.273	0.007
0.273	0.0071
0.274	0.0072
0.274	0.0073
0.274	0.0074
0.274	0.0075
0.275	0.0076
0.276	0.0077
0.277	0.0078
0.278	0.0079
0.28	0.008
0.281	0.0081
0.283	0.0082
0.283	0.0083
0.283	0.0084
0.284	0.0085
0.285	0.0086
0.286	0.0087
0.288	0.0088
0.289	0.0089
0.29	0.009
0.29	0.0091
0.29	0.0092
0.29	0.0093
0.291	0.0094
0.292	0.0095
0.292	0.0096
0.293	0.0097
0.294	0.0098
0.295	0.0099
0.295	0.01
0.295	0.0101
0.296	0.0102
0.296	0.0103
0.298	0.0104
0.3	0.0105
0.3	0.0106
0.3	0.0107
0.301	0.0108
0.301	0.0109
0.301	0.011
0.301	0.0111
0.302	0.0112
0.304	0.0113
0.305	0.0114
0.305	0.0115
0.306	0.0116
0.306	0.0117
0.307	0.0118
0.308	0.0119
0.309	0.012
0.31	0.0121
0.31	0.0122
0.31	0.0123
0.311	0.0124
0.311	0.0125
0.311	0.0126
0.313	0.0127
0.314	0.0128
0.316	0.0129
0.316	0.013
0.316	0.0131
0.316	0.0132
0.317	0.0133
0.319	0.0134
0.319	0.0135
0.321	0.0136
0.321	0.0137
0.321	0.0138
0.322	0.0139
0.323	0.014
0.325	0.0141
0.328	0.0142
0.328	0.0143
0.329	0.0144
0.329	0.0145
0.33	0.0146
0.33	0.0147
0.33	0.0148
0.331	0.0149
0.331	0.015
0.333	0.0151
0.333	0.0152
0.333	0.0153
0.333	0.0154
0.334	0.0155
0.335	0.0156
0.335	0.0157
0.337	0.0158
0.338	0.0159
0.338	0.016
0.339	0.0161
0.339	0.0162
0.341	0.0163
0.341	0.0164
0.341	0.0165
0.341	0.0166
0.342	0.0167
0.343	0.0168
0.344	0.0169
0.344	0.017
0.345	0.0171
0.345	0.0172
0.346	0.0173
0.346	0.0174
0.346	0.0175
0.347	0.0176
0.348	0.0177
0.348	0.0178
0.348	0.0179
0.348	0.018
0.349	0.0181
0.35	0.0182
0.35	0.0183
0.351	0.0184
0.351	0.0185
0.352	0.0186
0.352	0.0187
0.352	0.0188
0.352	0.0189
0.353	0.019
0.353	0.0191
0.353	0.0192
0.354	0.0193
0.354	0.0194
0.355	0.0195
0.356	0.0196
0.356	0.0197
0.356	0.0198
0.356	0.0199
0.356	0.02
0.357	0.0201
0.357	0.0202
0.358	0.0203
0.358	0.0204
0.359	0.0205
0.361	0.0206
0.362	0.0207
0.363	0.0208
0.364	0.0209
0.364	0.021
0.364	0.0211
0.364	0.0212
0.365	0.0213
0.366	0.0214
0.366	0.0215
0.367	0.0216
0.367	0.0217
0.369	0.0218
0.369	0.0219
0.369	0.022
0.37	0.0221
0.371	0.0222
0.371	0.0223
0.372	0.0224
0.372	0.0225
0.373	0.0226
0.373	0.0227
0.374	0.0228
0.374	0.0229
0.374	0.023
0.376	0.0231
0.378	0.0232
0.378	0.0233
0.379	0.0234
0.38	0.0235
0.38	0.0236
0.381	0.0237
0.381	0.0238
0.382	0.0239
0.382	0.024
0.382	0.0241
0.383	0.0242
0.383	0.0243
0.384	0.0244
0.384	0.0245
0.384	0.0246
0.384	0.0247
0.384	0.0248
0.384	0.0249
0.385	0.025
0.385	0.0251
0.385	0.0252
0.385	0.0253
0.385	0.0254
0.387	0.0255
0.387	0.0256
0.388	0.0257
0.388	0.0258
0.389	0.0259
0.389	0.026
0.39	0.0261
0.39	0.0262
0.392	0.0263
0.392	0.0264
0.393	0.0265
0.394	0.0266
0.394	0.0267
0.394	0.0268
0.395	0.0269
0.395	0.027
0.396	0.0271
0.396	0.0272
0.396	0.0273
0.396	0.0274
0.397	0.0275
0.397	0.0276
0.397	0.0277
0.398	0.0278
0.398	0.0279
0.399	0.028
0.399	0.0281
0.4	0.0282
0.4	0.0283
0.4	0.0284
0.4	0.0285
0.4	0.0286
0.4	0.0287
0.4	0.0288
0.401	0.0289
0.401	0.029
0.401	0.0291
0.402	0.0292
0.402	0.0293
0.402	0.0294
0.402	0.0295
0.403	0.0296
0.403	0.0297
0.403	0.0298
0.404	0.0299
0.405	0.03
0.405	0.0301
0.406	0.0302
0.406	0.0303
0.406	0.0304
0.407	0.0305
0.407	0.0306
0.407	0.0307
0.409	0.0308
0.409	0.0309
0.41	0.031
0.41	0.0311
0.41	0.0312
0.41	0.0313
0.411	0.0314
0.411	0.0315
0.412	0.0316
0.412	0.0317
0.413	0.0318
0.413	0.0319
0.413	0.032
0.413	0.0321
0.414	0.0322
0.414	0.0323
0.415	0.0324
0.415	0.0325
0.416	0.0326
0.416	0.0327
0.417	0.0328
0.417	0.0329
0.417	0.033
0.419	0.0331
0.419	0.0332
0.419	0.0333
0.42	0.0334
0.421	0.0335
0.421	0.0336
0.422	0.0337
0.422	0.0338
0.423	0.0339
0.423	0.034
0.424	0.0341
0.424	0.0342
0.424	0.0343
0.424	0.0344
0.424	0.0345
0.425	0.0346
0.426	0.0347
0.427	0.0348
0.427	0.0349
0.428	0.035
0.429	0.0351
0.43	0.0352
0.431	0.0353
0.431	0.0354
0.432	0.0355
0.433	0.0356
0.435	0.0357
0.435	0.0358
0.435	0.0359
0.435	0.036
0.435	0.0361
0.435	0.0362
0.436	0.0363
0.436	0.0364
0.438	0.0365
0.438	0.0366
0.439	0.0367
0.439	0.0368
0.439	0.0369
0.439	0.037
0.44	0.0371
0.441	0.0372
0.441	0.0373
0.441	0.0374
0.443	0.0375
0.443	0.0376
0.443	0.0377
0.444	0.0378
0.444	0.0379
0.444	0.038
0.444	0.0381
0.446	0.0382
0.447	0.0383
0.447	0.0384
0.447	0.0385
0.447	0.0386
0.448	0.0387
0.448	0.0388
0.448	0.0389
0.449	0.039
0.449	0.0391
0.45	0.0392
0.451	0.0393
0.451	0.0394
0.451	0.0395
0.451	0.0396
0.452	0.0397
0.452	0.0398
0.452	0.0399
0.453	0.04
0.455	0.0401
0.455	0.0402
0.456	0.0403
0.456	0.0404
0.456	0.0405
0.456	0.0406
0.457	0.0407
0.457	0.0408
0.457	0.0409
0.457	0.041
0.458	0.0411
0.458	0.0412
0.459	0.0413
0.459	0.0414
0.459	0.0415
0.459	0.0416
0.459	0.0417
0.459	0.0418
0.459	0.0419
0.459	0.042
0.461	0.0421
0.461	0.0422
0.461	0.0423
0.462	0.0424
0.462	0.0425
0.462	0.0426
0.462	0.0427
0.462	0.0428
0.463	0.0429
0.463	0.043
0.464	0.0431
0.464	0.0432
0.466	0.0433
0.466	0.0434
0.466	0.0435
0.466	0.0436
0.467	0.0437
0.468	0.0438
0.468	0.0439
0.468	0.044
0.468	0.0441
0.469	0.0442
0.469	0.0443
0.47	0.0444
0.47	0.0445
0.471	0.0446
0.471	0.0447
0.471	0.0448
0.472	0.0449
0.472	0.045
0.472	0.0451
0.472	0.0452
0.472	0.0453
0.473	0.0454
0.473	0.0455
0.474	0.0456
0.474	0.0457
0.474	0.0458
0.475	0.0459
0.475	0.046
0.475	0.0461
0.475	0.0462
0.476	0.0463
0.476	0.0464
0.476	0.0465
0.476	0.0466
0.477	0.0467
0.477	0.0468
0.477	0.0469
0.478	0.047
0.478	0.0471
0.479	0.0472
0.48	0.0473
0.48	0.0474
0.48	0.0475
0.48	0.0476
0.481	0.0477
0.482	0.0478
0.482	0.0479
0.483	0.048
0.483	0.0481
0.484	0.0482
0.484	0.0483
0.484	0.0484
0.484	0.0485
0.485	0.0486
0.486	0.0487
0.487	0.0488
0.487	0.0489
0.487	0.049
0.488	0.0491
0.488	0.0492
0.488	0.0493
0.488	0.0494
0.488	0.0495
0.488	0.0496
0.489	0.0497
0.489	0.0498
0.49	0.0499
0.491	0.05
0.491	0.0501
0.491	0.0502
0.491	0.0503
0.492	0.0504
0.492	0.0505
0.492	0.0506
0.493	0.0507
0.493	0.0508
0.493	0.0509
0.494	0.051
0.494	0.0511
0.494	0.0512
0.494	0.0513
0.495	0.0514
0.495	0.0515
0.495	0.0516
0.495	0.0517
0.497	0.0518
0.497	0.0519
0.497	0.052
0.498	0.0521
0.498	0.0522
0.499	0.0523
0.5	0.0524
0.5	0.0525
0.501	0.0526
0.501	0.0527
0.501	0.0528
0.501	0.0529
0.501	0.053
0.502	0.0531
0.502	0.0532
0.502	0.0533
0.502	0.0534
0.502	0.0535
0.503	0.0536
0.503	0.0537
0.504	0.0538
0.504	0.0539
0.504	0.054
0.504	0.0541
0.505	0.0542
0.505	0.0543
0.505	0.0544
0.506	0.0545
0.507	0.0546
0.508	0.0547
0.509	0.0548
0.509	0.0549
0.509	0.055
0.509	0.0551
0.51	0.0552
0.51	0.0553
0.511	0.0554
0.511	0.0555
0.511	0.0556
0.511	0.0557
0.511	0.0558
0.512	0.0559
0.512	0.056
0.515	0.0561
0.515	0.0562
0.516	0.0563
0.516	0.0564
0.516	0.0565
0.516	0.0566
0.517	0.0567
0.517	0.0568
0.518	0.0569
0.518	0.057
0.518	0.0571
0.519	0.0572
0.52	0.0573
0.521	0.0574
0.521	0.0575
0.521	0.0576
0.521	0.0577
0.522	0.0578
0.522	0.0579
0.523	0.058
0.523	0.0581
0.523	0.0582
0.524	0.0583
0.524	0.0584
0.524	0.0585
0.524	0.0586
0.524	0.0587
0.525	0.0588
0.526	0.0589
0.528	0.059
0.528	0.0591
0.528	0.0592
0.528	0.0593
0.528	0.0594
0.528	0.0595
0.529	0.0596
0.529	0.0597
0.529	0.0598
0.529	0.0599
0.529	0.06
0.53	0.0601
0.53	0.0602
0.53	0.0603
0.531	0.0604
0.531	0.0605
0.531	0.0606
0.531	0.0607
0.532	0.0608
0.532	0.0609
0.533	0.061
0.533	0.0611
0.534	0.0612
0.534	0.0613
0.534	0.0614
0.534	0.0615
0.535	0.0616
0.535	0.0617
0.536	0.0618
0.536	0.0619
0.537	0.062
0.538	0.0621
0.538	0.0622
0.538	0.0623
0.538	0.0624
0.539	0.0625
0.539	0.0626
0.54	0.0627
0.54	0.0628
0.54	0.0629
0.54	0.063
0.54	0.0631
0.54	0.0632
0.541	0.0633
0.542	0.0634
0.542	0.0635
0.542	0.0636
0.543	0.0637
0.544	0.0638
0.544	0.0639
0.545	0.064
0.545	0.0641
0.545	0.0642
0.546	0.0643
0.546	0.0644
0.546	0.0645
0.547	0.0646
0.55	0.0647
0.551	0.0648
0.551	0.0649
0.551	0.065
0.552	0.0651
0.552	0.0652
0.552	0.0653
0.553	0.0654
0.554	0.0655
0.554	0.0656
0.554	0.0657
0.555	0.0658
0.555	0.0659
0.556	0.066
0.556	0.0661
0.556	0.0662
0.557	0.0663
0.557	0.0664
0.557	0.0665
0.558	0.0666
0.558	0.0667
0.558	0.0668
0.558	0.0669
0.558	0.067
0.558	0.0671
0.558	0.0672
0.559	0.0673
0.559	0.0674
0.56	0.0675
0.56	0.0676
0.56	0.0677
0.561	0.0678
0.561	0.0679
0.562	0.068
0.562	0.0681
0.563	0.0682
0.564	0.0683
0.564	0.0684
0.564	0.0685
0.564	0.0686
0.564	0.0687
0.565	0.0688
0.565	0.0689
0.565	0.069
0.565	0.0691
0.566	0.0692
0.566	0.0693
0.567	0.0694
0.567	0.0695
0.567	0.0696
0.567	0.0697
0.567	0.0698
0.568	0.0699
0.568	0.07
0.568	0.0701
0.569	0.0702
0.569	0.0703
0.569	0.0704
0.569	0.0705
0.57	0.0706
0.57	0.0707
0.57	0.0708
0.572	0.0709
0.572	0.071
0.573	0.0711
0.573	0.0712
0.573	0.0713
0.574	0.0714
0.574	0.0715
0.574	0.0716
0.575	0.0717
0.575	0.0718
0.576	0.0719
0.577	0.072
0.577	0.0721
0.577	0.0722
0.578	0.0723
0.578	0.0724
0.579	0.0725
0.58	0.0726
0.58	0.0727
0.58	0.0728
0.581	0.0729
0.582	0.073
0.582	0.0731
0.583	0.0732
0.583	0.0733
0.583	0.0734
0.583	0.0735
0.583	0.0736
0.583	0.0737
0.583	0.0738
0.584	0.0739
0.584	0.074
0.584	0.0741
0.585	0.0742
0.585	0.0743
0.585	0.0744
0.585	0.0745
0.586	0.0746
0.587	0.0747
0.587	0.0748
0.588	0.0749
0.588	0.075
0.588	0.0751
0.588	0.0752
0.589	0.0753
0.589	0.0754
0.589	0.0755
0.589	0.0756
0.59	0.0757
0.591	0.0758
0.591	0.0759
0.594	0.076
0.594	0.0761
0.594	0.0762
0.594	0.0763
0.595	0.0764
0.595	0.0765
0.595	0.0766
0.596	0.0767
0.596	0.0768
0.598	0.0769
0.598	0.077
0.598	0.0771
0.598	0.0772
0.599	0.0773
0.599	0.0774
0.599	0.0775
0.599	0.0776
0.6	0.0777
0.6	0.0778
0.6	0.0779
0.601	0.078
0.601	0.0781
0.601	0.0782
0.602	0.0783
0.602	0.0784
0.602	0.0785
0.602	0.0786
0.602	0.0787
0.602	0.0788
0.603	0.0789
0.603	0.079
0.603	0.0791
0.604	0.0792
0.604	0.0793
0.605	0.0794
0.606	0.0795
0.606	0.0796
0.607	0.0797
0.607	0.0798
0.607	0.0799
0.608	0.08
0.608	0.0801
0.609	0.0802
0.609	0.0803
0.609	0.0804
0.609	0.0805
0.609	0.0806
0.609	0.0807
0.609	0.0808
0.61	0.0809
0.61	0.081
0.61	0.0811
0.61	0.0812
0.611	0.0813
0.612	0.0814
0.612	0.0815
0.613	0.0816
0.613	0.0817
0.613	0.0818
0.614	0.0819
0.614	0.082
0.614	0.0821
0.615	0.0822
0.615	0.0823
0.615	0.0824
0.615	0.0825
0.616	0.0826
0.616	0.0827
0.616	0.0828
0.618	0.0829
0.618	0.083
0.618	0.0831
0.618	0.0832
0.619	0.0833
0.619	0.0834
0.619	0.0835
0.621	0.0836
0.621	0.0837
0.621	0.0838
0.622	0.0839
0.622	0.084
0.623	0.0841
0.623	0.0842
0.623	0.0843
0.624	0.0844
0.624	0.0845
0.624	0.0846
0.624	0.0847
0.624	0.0848
0.624	0.0849
0.624	0.085
0.625	0.0851
0.625	0.0852
0.625	0.0853
0.625	0.0854
0.626	0.0855
0.626	0.0856
0.626	0.0857
0.626	0.0858
0.627	0.0859
0.627	0.086
0.627	0.0861
0.628	0.0862
0.628	0.0863
0.628	0.0864
0.629	0.0865
0.629	0.0866
0.629	0.0867
0.629	0.0868
0.63	0.0869
0.631	0.087
0.631	0.0871
0.632	0.0872
0.632	0.0873
0.632	0.0874
0.632	0.0875
0.633	0.0876
0.633	0.0877
0.633	0.0878
0.633	0.0879
0.634	0.088
0.634	0.0881
0.634	0.0882
0.634	0.0883
0.634	0.0884
0.636	0.0885
0.637	0.0886
0.637	0.0887
0.637	0.0888
0.637	0.0889
0.638	0.089
0.638	0.0891
0.639	0.0892
0.64	0.0893
0.64	0.0894
0.64	0.0895
0.64	0.0896
0.64	0.0897
0.64	0.0898
0.64	0.0899
0.641	0.09
0.641	0.0901
0.641	0.0902
0.642	0.0903
0.643	0.0904
0.643	0.0905
0.643	0.0906
0.644	0.0907
0.645	0.0908
0.645	0.0909
0.646	0.091
0.646	0.0911
0.646	0.0912
0.647	0.0913
0.647	0.0914
0.648	0.0915
0.648	0.0916
0.648	0.0917
0.648	0.0918
0.649	0.0919
0.649	0.092
0.65	0.0921
0.65	0.0922
0.651	0.0923
0.651	0.0924
0.651	0.0925
0.652	0.0926
0.653	0.0927
0.653	0.0928
0.653	0.0929
0.654	0.093
0.654	0.0931
0.654	0.0932
0.655	0.0933
0.655	0.0934
0.655	0.0935
0.655	0.0936
0.656	0.0937
0.656	0.0938
0.656	0.0939
0.656	0.094
0.656	0.0941
0.657	0.0942
0.657	0.0943
0.657	0.0944
0.657	0.0945
0.659	0.0946
0.659	0.0947
0.659	0.0948
0.66	0.0949
0.66	0.095
0.661	0.0951
0.661	0.0952
0.661	0.0953
0.663	0.0954
0.664	0.0955
0.664	0.0956
0.664	0.0957
0.665	0.0958
0.665	0.0959
0.666	0.096
0.667	0.0961
0.668	0.0962
0.668	0.0963
0.668	0.0964
0.669	0.0965
0.669	0.0966
0.669	0.0967
0.669	0.0968
0.67	0.0969
0.67	0.097
0.67	0.0971
0.67	0.0972
0.67	0.0973
0.67	0.0974
0.67	0.0975
0.671	0.0976
0.671	0.0977
0.671	0.0978
0.672	0.0979
0.672	0.098
0.672	0.0981
0.673	0.0982
0.673	0.0983
0.673	0.0984
0.673	0.0985
0.674	0.0986
0.674	0.0987
0.674	0.0988
0.675	0.0989
0.675	0.099
0.676	0.0991
0.676	0.0992
0.676	0.0993
0.677	0.0994
0.677	0.0995
0.677	0.0996
0.677	0.0997
0.677	0.0998
0.679	0.0999
0.679	0.1
0.68	0.1001
0.68	0.1002
0.68	0.1003
0.68	0.1004
0.68	0.1005
0.681	0.1006
0.681	0.1007
0.681	0.1008
0.681	0.1009
0.682	0.101
0.682	0.1011
0.683	0.1012
0.683	0.1013
0.683	0.1014
0.684	0.1015
0.684	0.1016
0.684	0.1017
0.684	0.1018
0.685	0.1019
0.686	0.102
0.687	0.1021
0.688	0.1022
0.688	0.1023
0.688	0.1024
0.689	0.1025
0.689	0.1026
0.689	0.1027
0.689	0.1028
0.689	0.1029
0.69	0.103
0.69	0.1031
0.691	0.1032
0.691	0.1033
0.692	0.1034
0.692	0.1035
0.692	0.1036
0.693	0.1037
0.693	0.1038
0.693	0.1039
0.693	0.104
0.694	0.1041
0.694	0.1042
0.695	0.1043
0.695	0.1044
0.696	0.1045
0.696	0.1046
0.697	0.1047
0.697	0.1048
0.698	0.1049
0.699	0.105
0.699	0.1051
0.699	0.1052
0.7	0.1053
0.7	0.1054
0.7	0.1055
0.702	0.1056
0.703	0.1057
0.703	0.1058
0.703	0.1059
0.704	0.106
0.704	0.1061
0.705	0.1062
0.705	0.1063
0.705	0.1064
0.705	0.1065
0.705	0.1066
0.705	0.1067
0.706	0.1068
0.706	0.1069
0.706	0.107
0.707	0.1071
0.707	0.1072
0.707	0.1073
0.708	0.1074
0.708	0.1075
0.709	0.1076
0.709	0.1077
0.71	0.1078
0.71	0.1079
0.711	0.108
0.711	0.1081
0.711	0.1082
0.712	0.1083
0.712	0.1084
0.712	0.1085
0.712	0.1086
0.713	0.1087
0.713	0.1088
0.713	0.1089
0.713	0.109
0.714	0.1091
0.715	0.1092
0.715	0.1093
0.716	0.1094
0.716	0.1095
0.717	0.1096
0.718	0.1097
0.718	0.1098
0.718	0.1099
0.718	0.11
0.718	0.1101
0.718	0.1102
0.718	0.1103
0.719	0.1104
0.719	0.1105
0.719	0.1106
0.719	0.1107
0.719	0.1108
0.719	0.1109
0.721	0.111
0.721	0.1111
0.721	0.1112
0.721	0.1113
0.722	0.1114
0.722	0.1115
0.722	0.1116
0.722	0.1117
0.723	0.1118
0.723	0.1119
0.723	0.112
0.723	0.1121
0.724	0.1122
0.724	0.1123
0.725	0.1124
0.725	0.1125
0.725	0.1126
0.725	0.1127
0.725	0.1128
0.726	0.1129
0.726	0.113
0.726	0.1131
0.726	0.1132
0.727	0.1133
0.727	0.1134
0.727	0.1135
0.729	0.1136
0.73	0.1137
0.73	0.1138
0.731	0.1139
0.731	0.114
0.731	0.1141
0.731	0.1142
0.732	0.1143
0.732	0.1144
0.732	0.1145
0.732	0.1146
0.733	0.1147
0.733	0.1148
0.734	0.1149
0.734	0.115
0.734	0.1151
0.734	0.1152
0.734	0.1153
0.735	0.1154
0.735	0.1155
0.736	0.1156
0.736	0.1157
0.736	0.1158
0.737	0.1159
0.737	0.116
0.737	0.1161
0.737	0.1162
0.737	0.1163
0.737	0.1164
0.737	0.1165
0.739	0.1166
0.739	0.1167
0.739	0.1168
0.739	0.1169
0.74	0.117
0.741	0.1171
0.741	0.1172
0.742	0.1173
0.743	0.1174
0.743	0.1175
0.743	0.1176
0.744	0.1177
0.744	0.1178
0.744	0.1179
0.746	0.118
0.746	0.1181
0.747	0.1182
0.747	0.1183
0.747	0.1184
0.748	0.1185
0.749	0.1186
0.749	0.1187
0.749	0.1188
0.75	0.1189
0.751	0.119
0.751	0.1191
0.751	0.1192
0.751	0.1193
0.751	0.1194
0.752	0.1195
0.753	0.1196
0.753	0.1197
0.753	0.1198
0.753	0.1199
0.754	0.12
0.754	0.1201
0.754	0.1202
0.754	0.1203
0.755	0.1204
0.755	0.1205
0.755	0.1206
0.755	0.1207
0.756	0.1208
0.756	0.1209
0.756	0.121
0.757	0.1211
0.757	0.1212
0.757	0.1213
0.758	0.1214
0.758	0.1215
0.758	0.1216
0.758	0.1217
0.758	0.1218
0.759	0.1219
0.759	0.122
0.76	0.1221
0.76	0.1222
0.761	0.1223
0.761	0.1224
0.761	0.1225
0.762	0.1226
0.762	0.1227
0.763	0.1228
0.763	0.1229
0.764	0.123
0.764	0.1231
0.764	0.1232
0.767	0.1233
0.768	0.1234
0.768	0.1235
0.769	0.1236
0.769	0.1237
0.771	0.1238
0.771	0.1239
0.771	0.124
0.772	0.1241
0.773	0.1242
0.773	0.1243
0.773	0.1244
0.774	0.1245
0.774	0.1246
0.775	0.1247
0.776	0.1248
0.777	0.1249
0.779	0.125
0.779	0.1251
0.779	0.1252
0.781	0.1253
0.781	0.1254
0.781	0.1255
0.781	0.1256
0.781	0.1257
0.783	0.1258
0.783	0.1259
0.783	0.126
0.783	0.1261
0.783	0.1262
0.783	0.1263
0.783	0.1264
0.783	0.1265
0.784	0.1266
0.785	0.1267
0.785	0.1268
0.785	0.1269
0.785	0.127
0.786	0.1271
0.786	0.1272
0.787	0.1273
0.787	0.1274
0.788	0.1275
0.788	0.1276
0.788	0.1277
0.789	0.1278
0.789	0.1279
0.789	0.128
0.79	0.1281
0.79	0.1282
0.791	0.1283
0.791	0.1284
0.792	0.1285
0.794	0.1286
0.794	0.1287
0.795	0.1288
0.795	0.1289
0.795	0.129
0.795	0.1291
0.796	0.1292
0.796	0.1293
0.796	0.1294
0.796	0.1295
0.796	0.1296
0.797	0.1297
0.797	0.1298
0.797	0.1299
0.798	0.13
0.799	0.1301
0.799	0.1302
0.8	0.1303
0.801	0.1304
0.801	0.1305
0.802	0.1306
0.802	0.1307
0.802	0.1308
0.803	0.1309
0.803	0.131
0.803	0.1311
0.804	0.1312
0.804	0.1313
0.804	0.1314
0.804	0.1315
0.805	0.1316
0.805	0.1317
0.806	0.1318
0.806	0.1319
0.806	0.132
0.807	0.1321
0.807	0.1322
0.807	0.1323
0.807	0.1324
0.808	0.1325
0.808	0.1326
0.808	0.1327
0.808	0.1328
0.809	0.1329
0.809	0.133
0.81	0.1331
0.81	0.1332
0.811	0.1333
0.811	0.1334
0.811	0.1335
0.811	0.1336
0.812	0.1337
0.812	0.1338
0.812	0.1339
0.812	0.134
0.812	0.1341
0.812	0.1342
0.812	0.1343
0.813	0.1344
0.813	0.1345
0.813	0.1346
0.813	0.1347
0.813	0.1348
0.814	0.1349
0.814	0.135
0.814	0.1351
0.815	0.1352
0.816	0.1353
0.817	0.1354
0.817	0.1355
0.818	0.1356
0.818	0.1357
0.818	0.1358
0.819	0.1359
0.819	0.136
0.819	0.1361
0.82	0.1362
0.82	0.1363
0.821	0.1364
0.821	0.1365
0.821	0.1366
0.822	0.1367
0.822	0.1368
0.823	0.1369
0.823	0.137
0.824	0.1371
0.824	0.1372
0.825	0.1373
0.825	0.1374
0.825	0.1375
0.825	0.1376
0.825	0.1377
0.825	0.1378
0.826	0.1379
0.827	0.138
0.827	0.1381
0.827	0.1382
0.828	0.1383
0.83	0.1384
0.83	0.1385
0.831	0.1386
0.832	0.1387
0.833	0.1388
0.834	0.1389
0.835	0.139
0.835	0.1391
0.835	0.1392
0.836	0.1393
0.836	0.1394
0.837	0.1395
0.837	0.1396
0.839	0.1397
0.84	0.1398
0.84	0.1399
0.84	0.14
0.84	0.1401
0.84	0.1402
0.841	0.1403
0.841	0.1404
0.841	0.1405
0.841	0.1406
0.841	0.1407
0.842	0.1408
0.842	0.1409
0.843	0.141
0.843	0.1411
0.844	0.1412
0.844	0.1413
0.844	0.1414
0.845	0.1415
0.845	0.1416
0.845	0.1417
0.846	0.1418
0.846	0.1419
0.846	0.142
0.846	0.1421
0.846	0.1422
0.847	0.1423
0.848	0.1424
0.848	0.1425
0.85	0.1426
0.85	0.1427
0.851	0.1428
0.851	0.1429
0.852	0.143
0.852	0.1431
0.853	0.1432
0.853	0.1433
0.853	0.1434
0.853	0.1435
0.854	0.1436
0.854	0.1437
0.855	0.1438
0.855	0.1439
0.855	0.144
0.855	0.1441
0.856	0.1442
0.856	0.1443
0.856	0.1444
0.856	0.1445
0.856	0.1446
0.856	0.1447
0.856	0.1448
0.857	0.1449
0.857	0.145
0.857	0.1451
0.857	0.1452
0.857	0.1453
0.858	0.1454
0.858	0.1455
0.859	0.1456
0.86	0.1457
0.86	0.1458
0.861	0.1459
0.861	0.146
0.861	0.1461
0.862	0.1462
0.863	0.1463
0.863	0.1464
0.863	0.1465
0.863	0.1466
0.863	0.1467
0.864	0.1468
0.864	0.1469
0.865	0.147
0.865	0.1471
0.865	0.1472
0.866	0.1473
0.866	0.1474
0.866	0.1475
0.866	0.1476
0.868	0.1477
0.868	0.1478
0.868	0.1479
0.868	0.148
0.869	0.1481
0.869	0.1482
0.87	0.1483
0.87	0.1484
0.873	0.1485
0.874	0.1486
0.874	0.1487
0.875	0.1488
0.875	0.1489
0.875	0.149
0.875	0.1491
0.876	0.1492
0.876	0.1493
0.876	0.1494
0.876	0.1495
0.877	0.1496
0.877	0.1497
0.878	0.1498
0.878	0.1499
0.878	0.15
0.879	0.1501
0.879	0.1502
0.879	0.1503
0.879	0.1504
0.88	0.1505
0.88	0.1506
0.881	0.1507
0.881	0.1508
0.882	0.1509
0.882	0.151
0.882	0.1511
0.883	0.1512
0.883	0.1513
0.883	0.1514
0.883	0.1515
0.883	0.1516
0.884	0.1517
0.884	0.1518
0.887	0.1519
0.887	0.152
0.887	0.1521
0.887	0.1522
0.887	0.1523
0.888	0.1524
0.888	0.1525
0.888	0.1526
0.889	0.1527
0.89	0.1528
0.891	0.1529
0.891	0.153
0.891	0.1531
0.891	0.1532
0.891	0.1533
0.892	0.1534
0.893	0.1535
0.893	0.1536
0.894	0.1537
0.894	0.1538
0.895	0.1539
0.895	0.154
0.895	0.1541
0.895	0.1542
0.895	0.1543
0.896	0.1544
0.896	0.1545
0.896	0.1546
0.898	0.1547
0.898	0.1548
0.899	0.1549
0.899	0.155
0.9	0.1551
0.9	0.1552
0.9	0.1553
0.901	0.1554
0.902	0.1555
0.902	0.1556
0.903	0.1557
0.903	0.1558
0.904	0.1559
0.906	0.156
0.906	0.1561
0.906	0.1562
0.907	0.1563
0.907	0.1564
0.908	0.1565
0.908	0.1566
0.908	0.1567
0.908	0.1568
0.908	0.1569
0.908	0.157
0.908	0.1571
0.909	0.1572
0.91	0.1573
0.91	0.1574
0.911	0.1575
0.911	0.1576
0.911	0.1577
0.912	0.1578
0.912	0.1579
0.912	0.158
0.912	0.1581
0.912	0.1582
0.913	0.1583
0.914	0.1584
0.914	0.1585
0.914	0.1586
0.914	0.1587
0.916	0.1588
0.916	0.1589
0.917	0.159
0.917	0.1591
0.918	0.1592
0.919	0.1593
0.919	0.1594
0.92	0.1595
0.92	0.1596
0.92	0.1597
0.92	0.1598
0.92	0.1599
0.921	0.16
0.921	0.1601
0.923	0.1602
0.924	0.1603
0.924	0.1604
0.924	0.1605
0.924	0.1606
0.925	0.1607
0.926	0.1608
0.926	0.1609
0.926	0.161
0.927	0.1611
0.927	0.1612
0.927	0.1613
0.927	0.1614
0.927	0.1615
0.928	0.1616
0.928	0.1617
0.929	0.1618
0.929	0.1619
0.929	0.162
0.929	0.1621
0.93	0.1622
0.93	0.1623
0.93	0.1624
0.931	0.1625
0.932	0.1626
0.933	0.1627
0.933	0.1628
0.933	0.1629
0.933	0.163
0.934	0.1631
0.935	0.1632
0.935	0.1633
0.935	0.1634
0.935	0.1635
0.936	0.1636
0.936	0.1637
0.936	0.1638
0.937	0.1639
0.937	0.164
0.937	0.1641
0.937	0.1642
0.937	0.1643
0.938	0.1644
0.938	0.1645
0.938	0.1646
0.939	0.1647
0.939	0.1648
0.94	0.1649
0.941	0.165
0.941	0.1651
0.942	0.1652
0.942	0.1653
0.943	0.1654
0.943	0.1655
0.943	0.1656
0.944	0.1657
0.944	0.1658
0.945	0.1659
0.946	0.166
0.947	0.1661
0.947	0.1662
0.947	0.1663
0.947	0.1664
0.949	0.1665
0.951	0.1666
0.951	0.1667
0.951	0.1668
0.951	0.1669
0.951	0.167
0.952	0.1671
0.952	0.1672
0.952	0.1673
0.952	0.1674
0.953	0.1675
0.953	0.1676
0.953	0.1677
0.954	0.1678
0.954	0.1679
0.955	0.168
0.955	0.1681
0.956	0.1682
0.956	0.1683
0.957	0.1684
0.957	0.1685
0.958	0.1686
0.958	0.1687
0.958	0.1688
0.958	0.1689
0.96	0.169
0.96	0.1691
0.961	0.1692
0.961	0.1693
0.962	0.1694
0.962	0.1695
0.963	0.1696
0.965	0.1697
0.965	0.1698
0.966	0.1699
0.967	0.17
0.967	0.1701
0.967	0.1702
0.967	0.1703
0.968	0.1704
0.968	0.1705
0.968	0.1706
0.969	0.1707
0.969	0.1708
0.969	0.1709
0.971	0.171
0.972	0.1711
0.972	0.1712
0.972	0.1713
0.972	0.1714
0.972	0.1715
0.973	0.1716
0.974	0.1717
0.974	0.1718
0.974	0.1719
0.975	0.172
0.975	0.1721
0.976	0.1722
0.977	0.1723
0.977	0.1724
0.978	0.1725
0.978	0.1726
0.979	0.1727
0.98	0.1728
0.98	0.1729
0.981	0.173
0.981	0.1731
0.981	0.1732
0.982	0.1733
0.982	0.1734
0.982	0.1735
0.983	0.1736
0.983	0.1737
0.984	0.1738
0.984	0.1739
0.984	0.174
0.985	0.1741
0.985	0.1742
0.985	0.1743
0.986	0.1744
0.987	0.1745
0.988	0.1746
0.989	0.1747
0.989	0.1748
0.989	0.1749
0.99	0.175
0.99	0.1751
0.991	0.1752
0.991	0.1753
0.991	0.1754
0.991	0.1755
0.992	0.1756
0.992	0.1757
0.992	0.1758
0.992	0.1759
0.992	0.176
0.992	0.1761
0.993	0.1762
0.993	0.1763
0.994	0.1764
0.994	0.1765
0.994	0.1766
0.995	0.1767
0.995	0.1768
0.995	0.1769
0.995	0.177
0.996	0.1771
0.996	0.1772
0.998	0.1773
0.998	0.1774
0.999	0.1775
