0.100000
0.100141
0.100283
0.100424
0.100566
0.100708
0.100850
0.100993
0.101136
0.101278
0.101421
0.101565
0.101708
0.101852
0.101996
0.102140
0.102284
0.102428
0.102573
0.102718
0.102863
0.103008
0.103154
0.103299
0.103445
0.103591
0.103738
0.103884
0.104031
0.104178
0.104325
0.104472
0.104620
0.104768
0.104916
0.105064
0.105212
0.105361
0.105510
0.105659
0.105808
0.105957
0.106107
0.106257
0.106407
0.106557
0.106708
0.106859
0.107009
0.107161
0.107312
0.107464
0.107615
0.107767
0.107920
0.108072
0.108225
0.108377
0.108531
0.108684
0.108837
0.108991
0.109145
0.109299
0.109453
0.109608
0.109763
0.109918
0.110073
0.110229
0.110384
0.110540
0.110696
0.110853
0.111009
0.111166
0.111323
0.111480
0.111638
0.111795
0.111953
0.112111
0.112270
0.112428
0.112587
0.112746
0.112905
0.113065
0.113225
0.113385
0.113545
0.113705
0.113866
0.114026
0.114187
0.114349
0.114510
0.114672
0.114834
0.114996
0.115159
0.115321
0.115484
0.115647
0.115811
0.115974
0.116138
0.116302
0.116466
0.116631
0.116795
0.116960
0.117126
0.117291
0.117457
0.117623
0.117789
0.117955
0.118122
0.118289
0.118456
0.118623
0.118790
0.118958
0.119126
0.119294
0.119463
0.119632
0.119801
0.119970
0.120139
0.120309
0.120479
0.120649
0.120819
0.120990
0.121161
0.121332
0.121504
0.121675
0.121847
0.122019
0.122191
0.122364
0.122537
0.122710
0.122883
0.123057
0.123231
0.123405
0.123579
0.123753
0.123928
0.124103
0.124279
0.124454
0.124630
0.124806
0.124982
0.125159
0.125335
0.125513
0.125690
0.125867
0.126045
0.126223
0.126401
0.126580
0.126759
0.126938
0.127117
0.127297
0.127476
0.127656
0.127837
0.128017
0.128198
0.128379
0.128560
0.128742
0.128924
0.129106
0.129288
0.129471
0.129654
0.129837
0.130020
0.130204
0.130388
0.130572
0.130756
0.130941
0.131126
0.131311
0.131497
0.131682
0.131868
0.132055
0.132241
0.132428
0.132615
0.132802
0.132990
0.133178
0.133366
0.133554
0.133743
0.133932
0.134121
0.134310
0.134500
0.134690
0.134880
0.135071
0.135261
0.135452
0.135644
0.135835
0.136027
0.136219
0.136412
0.136604
0.136797
0.136991
0.137184
0.137378
0.137572
0.137766
0.137961
0.138156
0.138351
0.138546
0.138742
0.138938
0.139134
0.139331
0.139527
0.139724
0.139922
0.140119
0.140317
0.140515
0.140714
0.140913
0.141112
0.141311
0.141511
0.141710
0.141911
0.142111
0.142312
0.142513
0.142714
0.142916
0.143117
0.143320
0.143522
0.143725
0.143928
0.144131
0.144335
0.144538
0.144743
0.144947
0.145152
0.145357
0.145562
0.145768
0.145974
0.146180
0.146386
0.146593
0.146800
0.147007
0.147215
0.147423
0.147631
0.147840
0.148048
0.148257
0.148467
0.148677
0.148887
0.149097
0.149307
0.149518
0.149730
0.149941
0.150153
0.150365
0.150577
0.150790
0.151003
0.151216
0.151430
0.151644
0.151858
0.152072
0.152287
0.152502
0.152718
0.152933
0.153149
0.153366
0.153582
0.153799
0.154016
0.154234
0.154452
0.154670
0.154888
0.155107
0.155326
0.155545
0.155765
0.155985
0.156205
0.156426
0.156647
0.156868
0.157090
0.157312
0.157534
0.157756
0.157979
0.158202
0.158426
0.158650
0.158874
0.159098
0.159323
0.159548
0.159773
0.159999
0.160225
0.160451
0.160678
0.160905
0.161132
0.161359
0.161587
0.161816
0.162044
0.162273
0.162502
0.162732
0.162962
0.163192
0.163422
0.163653
0.163884
0.164116
0.164347
0.164580
0.164812
0.165045
0.165278
0.165511
0.165745
0.165979
0.166214
0.166448
0.166683
0.166919
0.167155
0.167391
0.167627
0.167864
0.168101
0.168338
0.168576
0.168814
0.169053
0.169291
0.169531
0.169770
0.170010
0.170250
0.170490
0.170731
0.170972
0.171214
0.171456
0.171698
0.171940
0.172183
0.172426
0.172670
0.172914
0.173158
0.173403
0.173647
0.173893
0.174138
0.174384
0.174631
0.174877
0.175124
0.175372
0.175619
0.175867
0.176116
0.176364
0.176614
0.176863
0.177113
0.177363
0.177613
0.177864
0.178116
0.178367
0.178619
0.178871
0.179124
0.179377
0.179630
0.179884
0.180138
0.180393
0.180647
0.180902
0.181158
0.181414
0.181670
0.181927
0.182184
0.182441
0.182699
0.182957
0.183215
0.183474
0.183733
0.183992
0.184252
0.184513
0.184773
0.185034
0.185295
0.185557
0.185819
0.186082
0.186345
0.186608
0.186871
0.187135
0.187400
0.187664
0.187929
0.188195
0.188460
0.188727
0.188993
0.189260
0.189527
0.189795
0.190063
0.190332
0.190600
0.190870
0.191139
0.191409
0.191680
0.191950
0.192221
0.192493
0.192765
0.193037
0.193310
0.193583
0.193856
0.194130
0.194404
0.194679
0.194954
0.195229
0.195505
0.195781
0.196057
0.196334
0.196612
0.196889
0.197167
0.197446
0.197725
0.198004
0.198284
0.198564
0.198844
0.199125
0.199406
0.199688
0.199970
0.200252
0.200535
0.200818
0.201102
0.201386
0.201671
0.201955
0.202241
0.202526
0.202812
0.203099
0.203386
0.203673
0.203961
0.204249
0.204537
0.204826
0.205115
0.205405
0.205695
0.205986
0.206277
0.206568
0.206860
0.207152
0.207444
0.207737
0.208031
0.208325
0.208619
0.208914
0.209209
0.209504
0.209800
0.210096
0.210393
0.210690
0.210988
0.211286
0.211584
0.211883
0.212182
0.212482
0.212782
0.213083
0.213384
0.213685
0.213987
0.214289
0.214592
0.214895
0.215198
0.215502
0.215807
0.216111
0.216417
0.216722
0.217028
0.217335
0.217642
0.217949
0.218257
0.218565
0.218874
0.219183
0.219493
0.219803
0.220113
0.220424
0.220735
0.221047
0.221359
0.221672
0.221985
0.222299
0.222613
0.222927
0.223242
0.223557
0.223873
0.224189
0.224506
0.224823
0.225141
0.225458
0.225777
0.226096
0.226415
0.226735
0.227055
0.227376
0.227697
0.228019
0.228341
0.228663
0.228986
0.229310
0.229633
0.229958
0.230283
0.230608
0.230934
0.231260
0.231586
0.231913
0.232241
0.232569
0.232897
0.233226
0.233556
0.233886
0.234216
0.234547
0.234878
0.235210
0.235542
0.235875
0.236208
0.236542
0.236876
0.237210
0.237545
0.237881
0.238217
0.238553
0.238890
0.239227
0.239565
0.239904
0.240243
0.240582
0.240922
0.241262
0.241603
0.241944
0.242286
0.242628
0.242971
0.243314
0.243657
0.244002
0.244346
0.244691
0.245037
0.245383
0.245730
0.246077
0.246424
0.246772
0.247121
0.247470
0.247819
0.248169
0.248520
0.248871
0.249222
0.249574
0.249927
0.250280
0.250633
0.250987
0.251342
0.251697
0.252052
0.252408
0.252765
0.253122
0.253479
0.253837
0.254196
0.254555
0.254914
0.255274
0.255635
0.255996
0.256358
0.256720
0.257082
0.257445
0.257809
0.258173
0.258538
0.258903
0.259269
0.259635
0.260002
0.260369
0.260736
0.261105
0.261474
0.261843
0.262213
0.262583
0.262954
0.263325
0.263697
0.264070
0.264443
0.264816
0.265190
0.265565
0.265940
0.266315
0.266692
0.267068
0.267445
0.267823
0.268201
0.268580
0.268960
0.269339
0.269720
0.270101
0.270482
0.270864
0.271247
0.271630
0.272014
0.272398
0.272783
0.273168
0.273554
0.273940
0.274327
0.274714
0.275102
0.275491
0.275880
0.276270
0.276660
0.277051
0.277442
0.277834
0.278226
0.278619
0.279013
0.279407
0.279801
0.280197
0.280592
0.280989
0.281386
0.281783
0.282181
0.282580
0.282979
0.283378
0.283779
0.284179
0.284581
0.284983
0.285385
0.285788
0.286192
0.286596
0.287001
0.287406
0.287812
0.288219
0.288626
0.289033
0.289442
0.289850
0.290260
0.290670
0.291080
0.291491
0.291903
0.292315
0.292728
0.293142
0.293556
0.293970
0.294386
0.294801
0.295218
0.295635
0.296052
0.296470
0.296889
0.297309
0.297728
0.298149
0.298570
0.298992
0.299414
0.299837
0.300260
0.300684
0.301109
0.301534
0.301960
0.302387
0.302814
0.303242
0.303670
0.304099
0.304528
0.304958
0.305389
0.305820
0.306252
0.306685
0.307118
0.307552
0.307986
0.308421
0.308857
0.309293
0.309730
0.310167
0.310606
0.311044
0.311484
0.311923
0.312364
0.312805
0.313247
0.313689
0.314133
0.314576
0.315020
0.315465
0.315911
0.316357
0.316804
0.317251
0.317700
0.318148
0.318598
0.319048
0.319498
0.319949
0.320401
0.320854
0.321307
0.321761
0.322215
0.322670
0.323126
0.323583
0.324040
0.324497
0.324956
0.325415
0.325874
0.326334
0.326795
0.327257
0.327719
0.328182
0.328646
0.329110
0.329575
0.330040
0.330506
0.330973
0.331440
0.331909
0.332377
0.332847
0.333317
0.333788
0.334259
0.334731
0.335204
0.335677
0.336152
0.336626
0.337102
0.337578
0.338055
0.338532
0.339010
0.339489
0.339969
0.340449
0.340930
0.341411
0.341893
0.342376
0.342860
0.343344
0.343829
0.344315
0.344801
0.345288
0.345776
0.346264
0.346753
0.347243
0.347733
0.348224
0.348716
0.349209
0.349702
0.350196
0.350690
0.351186
0.351682
0.352179
0.352676
0.353174
0.353673
0.354172
0.354673
0.355174
0.355675
0.356178
0.356681
0.357184
0.357689
0.358194
0.358700
0.359207
0.359714
0.360222
0.360731
0.361240
0.361751
0.362261
0.362773
0.363285
0.363799
0.364312
0.364827
0.365342
0.365858
0.366375
0.366892
0.367411
0.367930
0.368449
0.368970
0.369491
0.370013
0.370535
0.371059
0.371583
0.372108
0.372633
0.373159
0.373686
0.374214
0.374743
0.375272
0.375802
0.376333
0.376864
0.377397
0.377930
0.378463
0.378998
0.379533
0.380069
0.380606
0.381144
0.381682
0.382221
0.382761
0.383302
0.383843
0.384385
0.384928
0.385472
0.386016
0.386561
0.387107
0.387654
0.388202
0.388750
0.389299
0.389849
0.390399
0.390951
0.391503
0.392056
0.392610
0.393164
0.393720
0.394276
0.394832
0.395390
0.395949
0.396508
0.397068
0.397629
0.398190
0.398753
0.399316
0.399880
0.400445
0.401010
0.401577
0.402144
0.402712
0.403281
0.403850
0.404421
0.404992
0.405564
0.406137
0.406710
0.407285
0.407860
0.408436
0.409013
0.409591
0.410169
0.410748
0.411328
0.411909
0.412491
0.413074
0.413657
0.414242
0.414827
0.415412
0.415999
0.416587
0.417175
0.417764
0.418354
0.418945
0.419537
0.420130
0.420723
0.421317
0.421912
0.422508
0.423105
0.423702
0.424301
0.424900
0.425500
0.426101
0.426703
0.427306
0.427909
0.428514
0.429119
0.429725
0.430332
0.430940
0.431548
0.432158
0.432768
0.433380
0.433992
0.434605
0.435218
0.435833
0.436449
0.437065
0.437682
0.438301
0.438920
0.439540
0.440160
0.440782
0.441405
0.442028
0.442652
0.443278
0.443904
0.444531
0.445159
0.445787
0.446417
0.447047
0.447679
0.448311
0.448944
0.449578
0.450213
0.450849
0.451486
0.452124
0.452762
0.453402
0.454042
0.454683
0.455326
0.455969
0.456613
0.457258
0.457904
0.458550
0.459198
0.459846
0.460496
0.461146
0.461798
0.462450
0.463103
0.463757
0.464412
0.465068
0.465725
0.466383
0.467041
0.467701
0.468362
0.469023
0.469686
0.470349
0.471013
0.471679
0.472345
0.473012
0.473680
0.474349
0.475019
0.475690
0.476362
0.477035
0.477708
0.478383
0.479059
0.479735
0.480413
0.481091
0.481771
0.482451
0.483133
0.483815
0.484499
0.485183
0.485868
0.486554
0.487242
0.487930
0.488619
0.489309
0.490000
0.490692
0.491385
0.492079
0.492774
0.493470
0.494167
0.494865
0.495564
0.496264
0.496965
0.497667
0.498370
0.499074
0.499779
0.500485
0.501191
0.501899
0.502608
0.503318
0.504029
0.504741
0.505454
0.506168
0.506883
0.507598
0.508315
0.509033
0.509752
0.510472
0.511193
0.511915
0.512638
0.513362
0.514087
0.514813
0.515541
0.516269
0.516998
0.517728
0.518459
0.519192
0.519925
0.520659
0.521395
0.522131
0.522869
0.523607
0.524347
0.525087
0.525829
0.526571
0.527315
0.528060
0.528806
0.529553
0.530301
0.531050
0.531800
0.532551
0.533303
0.534056
0.534810
0.535566
0.536322
0.537080
0.537838
0.538598
0.539359
0.540120
0.540883
0.541647
0.542412
0.543178
0.543946
0.544714
0.545483
0.546254
0.547025
0.547798
0.548571
0.549346
0.550122
0.550899
0.551677
0.552456
0.553237
0.554018
0.554801
0.555584
0.556369
0.557155
0.557942
0.558730
0.559519
0.560309
0.561100
0.561893
0.562687
0.563481
0.564277
0.565074
0.565872
0.566671
0.567472
0.568273
0.569076
0.569880
0.570685
0.571491
0.572298
0.573106
0.573916
0.574726
0.575538
0.576351
0.577165
0.577980
0.578796
0.579614
0.580433
0.581252
0.582073
0.582895
0.583719
0.584543
0.585369
0.586195
0.587023
0.587853
0.588683
0.589514
0.590347
0.591181
0.592016
0.592852
0.593689
0.594528
0.595367
0.596208
0.597050
0.597894
0.598738
0.599584
0.600431
0.601279
0.602128
0.602978
0.603830
0.604683
0.605537
0.606392
0.607249
0.608106
0.608965
0.609825
0.610687
0.611549
0.612413
0.613278
0.614144
0.615011
0.615880
0.616750
0.617621
0.618493
0.619367
0.620242
0.621118
0.621995
0.622874
0.623753
0.624634
0.625516
0.626400
0.627285
0.628171
0.629058
0.629946
0.630836
0.631727
0.632619
0.633513
0.634408
0.635304
0.636201
0.637100
0.637999
0.638900
0.639803
0.640707
0.641611
0.642518
0.643425
0.644334
0.645244
0.646155
0.647068
0.647982
0.648897
0.649814
0.650731
0.651650
0.652571
0.653493
0.654416
0.655340
0.656265
0.657192
0.658121
0.659050
0.659981
0.660913
0.661847
0.662781
0.663717
0.664655
0.665594
0.666534
0.667475
0.668418
0.669362
0.670307
0.671254
0.672202
0.673152
0.674102
0.675054
0.676008
0.676963
0.677919
0.678876
0.679835
0.680795
0.681757
0.682720
0.683684
0.684650
0.685617
0.686585
0.687555
0.688526
0.689498
0.690472
0.691447
0.692424
0.693402
0.694381
0.695362
0.696344
0.697328
0.698313
0.699299
0.700287
0.701276
0.702266
0.703258
0.704251
0.705246
0.706242
0.707240
0.708238
0.709239
0.710240
0.711244
0.712248
0.713254
0.714262
0.715270
0.716281
0.717292
0.718305
0.719320
0.720336
0.721353
0.722372
0.723392
0.724414
0.725437
0.726462
0.727488
0.728515
0.729544
0.730575
0.731607
0.732640
0.733675
0.734711
0.735749
0.736788
0.737828
0.738871
0.739914
0.740959
0.742006
0.743054
0.744103
0.745154
0.746207
0.747261
0.748316
0.749373
0.750431
0.751491
0.752553
0.753616
0.754680
0.755746
0.756813
0.757882
0.758953
0.760025
0.761098
0.762173
0.763250
0.764328
0.765407
0.766488
0.767571
0.768655
0.769740
0.770828
0.771916
0.773007
0.774098
0.775192
0.776287
0.777383
0.778481
0.779581
0.780682
0.781784
0.782888
0.783994
0.785101
0.786210
0.787321
0.788433
0.789546
0.790662
0.791778
0.792897
0.794016
0.795138
0.796261
0.797386
0.798512
0.799640
0.800769
0.801900
0.803033
0.804167
0.805303
0.806440
0.807579
0.808720
0.809862
0.811006
0.812151
0.813298
0.814447
0.815597
0.816749
0.817903
0.819058
0.820215
0.821373
0.822533
0.823695
0.824859
0.826024
0.827190
0.828359
0.829529
0.830700
0.831873
0.833048
0.834225
0.835403
0.836583
0.837765
0.838948
0.840133
0.841320
0.842508
0.843698
0.844889
0.846083
0.847278
0.848474
0.849673
0.850873
0.852075
0.853278
0.854483
0.855690
0.856899
0.858109
0.859321
0.860535
0.861750
0.862967
0.864186
0.865407
0.866629
0.867853
0.869079
0.870306
0.871535
0.872766
0.873999
0.875233
0.876470
0.877708
0.878947
0.880189
0.881432
0.882677
0.883923
0.885172
0.886422
0.887674
0.888928
0.890183
0.891441
0.892700
0.893961
0.895223
0.896488
0.897754
0.899022
0.900292
0.901563
0.902837
0.904112
0.905389
0.906667
0.907948
0.909230
0.910515
0.911801
0.913088
0.914378
0.915669
0.916963
0.918258
0.919555
0.920854
0.922154
0.923457
0.924761
0.926067
0.927375
0.928685
0.929997
0.931310
0.932625
0.933943
0.935262
0.936583
0.937906
0.939230
0.940557
0.941885
0.943216
0.944548
0.945882
0.947218
0.948556
0.949895
0.951237
0.952581
0.953926
0.955273
0.956622
0.957974
0.959327
0.960682
0.962038
0.963397
0.964758
0.966121
0.967485
0.968852
0.970220
0.971590
0.972963
0.974337
0.975713
0.977091
0.978471
0.979853
0.981237
0.982623
0.984011
0.985401
0.986792
0.988186
0.989582
0.990979
0.992379
0.993781
0.995184
0.996590
0.997998
0.999407
1.000819
1.002232
1.003648
1.005065
1.006485
1.007906
1.009330
1.010756
1.012183
1.013613
1.015044
1.016478
1.017914
1.019351
1.020791
1.022233
1.023677
1.025123
1.026570
1.028020
1.029472
1.030926
1.032382
1.033841
1.035301
1.036763
1.038227
1.039694
1.041162
1.042633
1.044105
1.045580
1.047057
1.048536
1.050017
1.051500
1.052985
1.054472
1.055961
1.057453
1.058946
1.060442
1.061940
1.063440
1.064942
1.066446
1.067952
1.069460
1.070971
1.072483
1.073998
1.075515
1.077034
1.078555
1.080079
1.081604
1.083132
1.084662
1.086194
1.087728
1.089264
1.090803
1.092343
1.093886
1.095431
1.096978
1.098528
1.100079
1.101633
1.103189
1.104747
1.106307
1.107870
1.109435
1.111002
1.112571
1.114142
1.115716
1.117292
1.118870
1.120450
1.122032
1.123617
1.125204
1.126793
1.128385
1.129979
1.131575
1.133173
1.134773
1.136376
1.137981
1.139588
1.141198
1.142810
1.144424
1.146040
1.147659
1.149280
1.150903
1.152529
1.154156
1.155786
1.157419
1.159054
1.160691
1.162330
1.163972
1.165616
1.167262
1.168911
1.170562
1.172215
1.173871
1.175529
1.177189
1.178851
1.180516
1.182184
1.183854
1.185526
1.187200
1.188877
1.190556
1.192238
1.193921
1.195608
1.197296
1.198987
1.200681
1.202377
1.204075
1.205776
1.207479
1.209184
1.210892
1.212602
1.214315
1.216030
1.217747
1.219467
1.221190
1.222915
1.224642
1.226372
1.228104
1.229838
1.231575
1.233315
1.235057
1.236801
1.238548
1.240297
1.242049
1.243803
1.245560
1.247319
1.249081
1.250845
1.252612
1.254381
1.256153
1.257927
1.259704
1.261483
1.263264
1.265049
1.266835
1.268625
1.270417
1.272211
1.274008
1.275807
1.277609
1.279414
1.281221
1.283030
1.284842
1.286657
1.288474
1.290294
1.292117
1.293942
1.295769
1.297599
1.299432
1.301267
1.303105
1.304946
1.306789
1.308634
1.310483
1.312334
1.314187
1.316043
1.317902
1.319764
1.321628
1.323494
1.325364
1.327235
1.329110
1.330987
1.332867
1.334750
1.336635
1.338523
1.340413
1.342306
1.344202
1.346101
1.348002
1.349906
1.351813
1.353722
1.355634
1.357549
1.359466
1.361386
1.363309
1.365234
1.367163
1.369094
1.371027
1.372964
1.374903
1.376845
1.378790
1.380737
1.382687
1.384640
1.386596
1.388554
1.390515
1.392479
1.394446
1.396415
1.398388
1.400363
1.402341
1.404321
1.406305
1.408291
1.410280
1.412272
1.414267
1.416264
1.418264
1.420268
1.422274
1.424282
1.426294
1.428309
1.430326
1.432346
1.434369
1.436395
1.438424
1.440455
1.442490
1.444527
1.446568
1.448611
1.450657
1.452706
1.454757
1.456812
1.458870
1.460930
1.462994
1.465060
1.467129
1.469201
1.471276
1.473354
1.475435
1.477519
1.479606
1.481696
1.483789
1.485884
1.487983
1.490085
1.492189
1.494297
1.496407
1.498521
1.500637
1.502757
1.504879
1.507005
1.509133
1.511265
1.513399
1.515537
1.517677
1.519821
1.521967
1.524117
1.526270
1.528425
1.530584
1.532746
1.534911
1.537079
1.539250
1.541424
1.543601
1.545781
1.547964
1.550151
1.552340
1.554533
1.556728
1.558927
1.561129
1.563334
1.565542
1.567753
1.569967
1.572185
1.574405
1.576629
1.578856
1.581086
1.583319
1.585555
1.587794
1.590037
1.592283
1.594532
1.596784
1.599039
1.601298
1.603559
1.605824
1.608092
1.610363
1.612638
1.614916
1.617196
1.619481
1.621768
1.624058
1.626352
1.628649
1.630950
1.633253
1.635560
1.637870
1.640183
1.642500
1.644820
1.647143
1.649469
1.651799
1.654132
1.656468
1.658808
1.661151
1.663497
1.665847
1.668199
1.670556
1.672915
1.675278
1.677644
1.680014
1.682386
1.684763
1.687142
1.689525
1.691911
1.694301
1.696694
1.699090
1.701490
1.703893
1.706300
1.708710
1.711123
1.713540
1.715960
1.718384
1.720811
1.723241
1.725675
1.728113
1.730553
1.732998
1.735445
1.737896
1.740351
1.742809
1.745271
1.747736
1.750204
1.752676
1.755152
1.757631
1.760113
1.762599
1.765088
1.767581
1.770078
1.772578
1.775082
1.777589
1.780099
1.782614
1.785131
1.787653
1.790178
1.792706
1.795238
1.797774
1.800313
1.802855
1.805402
1.807952
1.810505
1.813062
1.815623
1.818188
1.820756
1.823327
1.825903
1.828481
1.831064
1.833650
1.836240
1.838833
1.841431
1.844031
1.846636
1.849244
1.851856
1.854472
1.857091
1.859714
1.862340
1.864971
1.867605
1.870243
1.872884
1.875529
1.878178
1.880831
1.883488
1.886148
1.888812
1.891480
1.894151
1.896826
1.899505
1.902188
1.904875
1.907565
1.910260
1.912958
1.915660
1.918365
1.921075
1.923788
1.926505
1.929226
1.931951
1.934680
1.937412
1.940149
1.942889
1.945633
1.948381
1.951133
1.953889
1.956648
1.959412
1.962179
1.964951
1.967726
1.970505
1.973288
1.976075
1.978866
1.981661
1.984460
1.987263
1.990070
1.992881
1.995695
1.998514
2.001337
2.004163
2.006994
2.009829
2.012667
2.015510
2.018357
2.021208
2.024062
2.026921
2.029784
2.032651
2.035522
2.038397
2.041276
2.044159
2.047046
2.049937
2.052832
2.055732
2.058635
2.061543
2.064455
2.067371
2.070290
2.073215
2.076143
2.079075
2.082012
2.084952
2.087897
2.090846
2.093799
2.096756
2.099718
2.102683
2.105653
2.108627
2.111605
2.114588
2.117574
2.120565
2.123560
2.126560
2.129563
2.132571
2.135583
2.138599
2.141620
2.144645
2.147674
2.150707
2.153745
2.156787
2.159833
2.162884
2.165938
2.168998
2.172061
2.175129
2.178201
2.181277
2.184358
2.187443
2.190533
2.193627
2.196725
2.199828
2.202935
2.206046
2.209162
2.212282
2.215407
2.218536
2.221669
2.224807
2.227950
2.231096
2.234247
2.237403
2.240563
2.243728
2.246897
2.250070
2.253248
2.256431
2.259618
2.262809
2.266005
2.269206
2.272411
2.275620
2.278834
2.282053
2.285276
2.288504
2.291736
2.294973
2.298214
2.301460
2.304711
2.307966
2.311226
2.314490
2.317759
2.321033
2.324311
2.327594
2.330881
2.334173
2.337470
2.340772
2.344078
2.347389
2.350704
2.354024
2.357349
2.360678
2.364013
2.367352
2.370695
2.374044
2.377397
2.380754
2.384117
2.387484
2.390856
2.394233
2.397615
2.401001
2.404392
2.407788
2.411189
2.414595
2.418005
2.421420
2.424840
2.428265
2.431695
2.435129
2.438569
2.442013
2.445462
2.448916
2.452375
2.455838
2.459307
2.462781
2.466259
2.469742
2.473231
2.476724
2.480222
2.483725
2.487233
2.490746
2.494264
2.497787
2.501315
2.504847
2.508385
2.511928
2.515476
2.519029
2.522587
2.526149
2.529717
2.533290
2.536868
2.540451
2.544040
2.547633
2.551231
2.554834
2.558443
2.562056
2.565675
2.569299
2.572928
2.576562
2.580201
2.583845
2.587494
2.591149
2.594809
2.598474
2.602144
2.605819
2.609499
2.613185
2.616876
2.620572
2.624273
2.627980
2.631691
2.635408
2.639131
2.642858
2.646591
2.650329
2.654072
2.657821
2.661575
2.665334
2.669098
2.672868
2.676643
2.680424
2.684210
2.688001
2.691797
2.695599
2.699407
2.703219
2.707037
2.710861
2.714689
2.718524
2.722363
2.726208
2.730059
2.733915
2.737776
2.741643
2.745515
2.749393
2.753276
2.757165
2.761059
2.764959
2.768864
2.772775
2.776691
2.780613
2.784540
2.788473
2.792411
2.796355
2.800305
2.804260
2.808221
2.812187
2.816159
2.820137
2.824120
2.828109
2.832103
2.836103
2.840109
2.844120
2.848137
2.852160
2.856188
2.860222
2.864262
2.868307
2.872359
2.876416
2.880478
2.884547
2.888621
2.892701
2.896786
2.900878
2.904975
2.909078
2.913187
2.917301
2.921421
2.925548
2.929680
2.933818
2.937961
2.942111
2.946266
2.950428
2.954595
2.958768
2.962947
2.967132
2.971322
2.975519
2.979722
2.983930
2.988145
2.992365
2.996592
3.000824
3.005062
3.009307
3.013557
3.017813
3.022076
3.026344
3.030618
3.034899
3.039185
3.043478
3.047776
3.052081
3.056392
3.060709
3.065032
3.069361
3.073696
3.078037
3.082384
3.086738
3.091098
3.095464
3.099836
3.104214
3.108598
3.112989
3.117386
3.121788
3.126198
3.130613
3.135035
3.139463
3.143897
3.148337
3.152784
3.157237
3.161696
3.166162
3.170634
3.175112
3.179596
3.184087
3.188584
3.193088
3.197598
3.202114
3.206637
3.211166
3.215701
3.220243
3.224791
3.229346
3.233907
3.238475
3.243049
3.247629
3.252216
3.256810
3.261409
3.266016
3.270629
3.275248
3.279874
3.284507
3.289146
3.293791
3.298443
3.303102
3.307767
3.312439
3.317118
3.321803
3.326494
3.331193
3.335898
3.340609
3.345328
3.350053
3.354784
3.359522
3.364267
3.369019
3.373777
3.378543
3.383314
3.388093
3.392878
3.397670
3.402469
3.407275
3.412087
3.416907
3.421733
3.426565
3.431405
3.436252
3.441105
3.445965
3.450832
3.455706
3.460587
3.465475
3.470369
3.475271
3.480179
3.485095
3.490017
3.494946
3.499883
3.504826
3.509776
3.514733
3.519697
3.524669
3.529647
3.534632
3.539624
3.544624
3.549630
3.554644
3.559664
3.564692
3.569727
3.574768
3.579817
3.584873
3.589937
3.595007
3.600085
3.605169
3.610261
3.615361
3.620467
3.625580
3.630701
3.635829
3.640964
3.646107
3.651257
3.656414
3.661578
3.666749
3.671928
3.677115
3.682308
3.687509
3.692717
3.697933
3.703156
3.708386
3.713624
3.718869
3.724121
3.729381
3.734649
3.739924
3.745206
3.750495
3.755793
3.761097
3.766409
3.771729
3.777056
3.782391
3.787733
3.793083
3.798440
3.803805
3.809178
3.814558
3.819945
3.825341
3.830744
3.836154
3.841572
3.846998
3.852432
3.857873
3.863322
3.868778
3.874242
3.879714
3.885194
3.890682
3.896177
3.901680
3.907190
3.912709
3.918235
3.923769
3.929311
3.934861
3.940418
3.945984
3.951557
3.957138
3.962727
3.968324
3.973929
3.979542
3.985163
3.990791
3.996428
4.002072
4.007725
4.013385
4.019054
4.024730
4.030415
4.036107
4.041808
4.047517
4.053233
4.058958
4.064691
4.070432
4.076181
4.081938
4.087703
4.093477
4.099259
4.105048
4.110846
4.116652
4.122467
4.128289
4.134120
4.139959
4.145806
4.151662
4.157526
4.163398
4.169278
4.175167
4.181064
4.186969
4.192883
4.198805
4.204735
4.210674
4.216621
4.222577
4.228540
4.234513
4.240494
4.246483
4.252481
4.258487
4.264501
4.270525
4.276556
4.282596
4.288645
4.294702
4.300768
4.306843
4.312926
4.319017
4.325117
4.331226
4.337344
4.343470
4.349604
4.355748
4.361900
4.368060
4.374230
4.380408
4.386595
4.392790
4.398995
4.405208
4.411430
4.417661
4.423900
4.430148
4.436405
4.442671
4.448946
4.455230
4.461522
4.467824
4.474134
4.480453
4.486782
4.493119
4.499465
4.505820
4.512184
4.518557
4.524939
4.531330
4.537730
4.544139
4.550557
4.556984
4.563420
4.569866
4.576320
4.582784
4.589257
4.595738
4.602229
4.608730
4.615239
4.621757
4.628285
4.634822
4.641368
4.647924
4.654489
4.661063
4.667646
4.674238
4.680840
4.687451
4.694072
4.700702
4.707341
4.713990
4.720648
4.727315
4.733992
4.740678
4.747374
4.754079
4.760794
4.767518
4.774252
4.780995
4.787747
4.794510
4.801281
4.808063
4.814853
4.821654
4.828464
4.835284
4.842113
4.848952
4.855801
4.862659
4.869527
4.876405
4.883292
4.890189
4.897096
4.904013
4.910939
4.917875
4.924821
4.931777
4.938743
4.945718
4.952704
4.959699
4.966704
4.973719
4.980744
4.987778
4.994823
5.001878
5.008942
5.016017
5.023102
5.030196
5.037301
5.044415
5.051540
5.058675
5.065820
5.072975
5.080140
5.087315
5.094500
5.101696
5.108901
5.116117
5.123343
5.130579
5.137826
5.145082
5.152349
5.159626
5.166914
5.174212
5.181520
5.188838
5.196167
5.203506
5.210855
5.218215
5.225585
5.232966
5.240357
5.247758
5.255170
5.262592
5.270025
5.277469
5.284923
5.292387
5.299862
5.307347
5.314843
5.322350
5.329867
5.337395
5.344934
5.352483
5.360043
5.367613
5.375194
5.382786
5.390389
5.398002
5.405626
5.413261
5.420907
5.428563
5.436231
5.443909
5.451598
5.459298
5.467008
5.474730
5.482462
5.490206
5.497960
5.505725
5.513502
5.521289
5.529087
5.536896
5.544717
5.552548
5.560390
5.568244
5.576108
5.583984
5.591871
5.599769
5.607678
5.615598
5.623530
5.631472
5.639426
5.647391
5.655368
5.663355
5.671354
5.679364
5.687386
5.695419
5.703463
5.711518
5.719585
5.727664
5.735753
5.743855
5.751967
5.760091
5.768227
5.776374
5.784532
5.792702
5.800884
5.809077
5.817282
5.825498
5.833726
5.841965
5.850217
5.858479
5.866754
5.875040
5.883338
5.891648
5.899969
5.908302
5.916647
5.925004
5.933372
5.941752
5.950144
5.958548
5.966964
5.975392
5.983832
5.992283
6.000747
6.009222
6.017709
6.026209
6.034720
6.043244
6.051779
6.060326
6.068886
6.077458
6.086042
6.094637
6.103245
6.111866
6.120498
6.129143
6.137799
6.146468
6.155150
6.163843
6.172549
6.181267
6.189997
6.198740
6.207495
6.216263
6.225042
6.233835
6.242639
6.251456
6.260286
6.269128
6.277982
6.286849
6.295729
6.304621
6.313526
6.322443
6.331373
6.340315
6.349270
6.358238
6.367218
6.376211
6.385217
6.394235
6.403266
6.412310
6.421367
6.430437
6.439519
6.448614
6.457722
6.466843
6.475977
6.485123
6.494283
6.503455
6.512641
6.521839
6.531051
6.540275
6.549513
6.558763
6.568027
6.577303
6.586593
6.595896
6.605212
6.614541
6.623883
6.633239
6.642608
6.651990
6.661385
6.670794
6.680215
6.689650
6.699099
6.708561
6.718036
6.727524
6.737026
6.746542
6.756070
6.765613
6.775168
6.784738
6.794320
6.803917
6.813526
6.823150
6.832787
6.842437
6.852102
6.861779
6.871471
6.881176
6.890895
6.900628
6.910374
6.920134
6.929908
6.939696
6.949498
6.959313
6.969143
6.978986
6.988843
6.998714
7.008599
7.018498
7.028411
7.038337
7.048278
7.058233
7.068202
7.078185
7.088183
7.098194
7.108219
7.118259
7.128313
7.138381
7.148463
7.158560
7.168670
7.178795
7.188935
7.199088
7.209256
7.219438
7.229635
7.239846
7.250072
7.260312
7.270566
7.280835
7.291119
7.301416
7.311729
7.322056
7.332398
7.342754
7.353125
7.363510
7.373910
7.384325
7.394755
7.405199
7.415658
7.426132
7.436621
7.447124
7.457643
7.468176
7.478724
7.489287
7.499864
7.510457
7.521065
7.531688
7.542325
7.552978
7.563646
7.574329
7.585027
7.595740
7.606468
7.617211
7.627970
7.638744
7.649533
7.660337
7.671156
7.681991
7.692841
7.703706
7.714587
7.725483
7.736394
7.747321
7.758263
7.769221
7.780194
7.791183
7.802187
7.813207
7.824242
7.835293
7.846360
7.857442
7.868540
7.879653
7.890783
7.901928
7.913088
7.924265
7.935457
7.946665
7.957889
7.969128
7.980384
7.991655
8.002943
8.014246
8.025565
8.036901
8.048252
8.059619
8.071003
8.082402
8.093818
8.105249
8.116697
8.128161
8.139641
8.151138
8.162650
8.174179
8.185724
8.197286
8.208864
8.220458
8.232068
8.243695
8.255339
8.266998
8.278675
8.290367
8.302077
8.313803
8.325545
8.337304
8.349079
8.360872
8.372681
8.384506
8.396348
8.408207
8.420083
8.431975
8.443885
8.455811
8.467754
8.479714
8.491690
8.503684
8.515695
8.527722
8.539767
8.551828
8.563907
8.576002
8.588115
8.600245
8.612392
8.624556
8.636737
8.648936
8.661151
8.673384
8.685635
8.697902
8.710187
8.722489
8.734809
8.747146
8.759500
8.771872
8.784262
8.796668
8.809093
8.821535
8.833994
8.846471
8.858966
8.871478
8.884008
8.896556
8.909122
8.921705
8.934306
8.946925
8.959561
8.972216
8.984888
8.997578
9.010286
9.023012
9.035756
9.048518
9.061299
9.074097
9.086913
9.099747
9.112600
9.125470
9.138359
9.151266
9.164191
9.177135
9.190096
9.203076
9.216075
9.229092
9.242127
9.255180
9.268252
9.281343
9.294452
9.307579
9.320725
9.333890
9.347073
9.360275
9.373495
9.386734
9.399992
9.413268
9.426564
9.439878
9.453210
9.466562
9.479933
9.493322
9.506730
9.520158
9.533604
9.547069
9.560553
9.574057
9.587579
9.601120
9.614681
9.628261
9.641860
9.655478
9.669115
9.682772
9.696448
9.710143
9.723857
9.737591
9.751345
9.765117
9.778910
9.792721
9.806553
9.820403
9.834274
9.848163
9.862073
9.876002
9.889951
9.903919
9.917908
9.931916
9.945944
9.959991
9.974059
9.988146
10.002253
10.016380
10.030527
10.044694
10.058882
10.073089
10.087316
10.101563
10.115830
10.130118
10.144426
10.158754
10.173102
10.187470
10.201859
10.216268
10.230698
10.245147
10.259618
10.274108
10.288619
10.303151
10.317703
10.332276
10.346869
10.361483
10.376117
10.390773
10.405448
10.420145
10.434862
10.449601
10.464360
10.479139
10.493940
10.508762
10.523604
10.538468
10.553352
10.568258
10.583184
10.598132
10.613101
10.628091
10.643102
10.658134
10.673187
10.688262
10.703358
10.718476
10.733614
10.748774
10.763956
10.779159
10.794383
10.809629
10.824897
10.840186
10.855496
10.870829
10.886183
10.901558
10.916955
10.932375
10.947815
10.963278
10.978762
10.994269
11.009797
11.025347
11.040919
11.056514
11.072130
11.087768
11.103428
11.119111
11.134815
11.150542
11.166291
11.182062
11.197856
11.213672
11.229510
11.245370
11.261253
11.277159
11.293086
11.309037
11.325009
11.341005
11.357023
11.373063
11.389127
11.405213
11.421321
11.437453
11.453607
11.469784
11.485984
11.502207
11.518452
11.534721
11.551012
11.567327
11.583665
11.600025
11.616409
11.632816
11.649246
11.665700
11.682176
11.698676
11.715199
11.731746
11.748316
11.764909
11.781526
11.798166
11.814830
11.831517
11.848228
11.864962
11.881720
11.898502
11.915307
11.932136
11.948989
11.965866
11.982766
11.999691
12.016639
12.033611
12.050607
12.067628
12.084672
12.101740
12.118833
12.135949
12.153090
12.170255
12.187444
12.204658
12.221896
12.239158
12.256444
12.273755
12.291091
12.308450
12.325835
12.343244
12.360677
12.378136
12.395618
12.413126
12.430658
12.448215
12.465797
12.483404
12.501035
12.518691
12.536373
12.554079
12.571810
12.589567
12.607348
12.625155
12.642987
12.660843
12.678726
12.696633
12.714566
12.732524
12.750507
12.768516
12.786550
12.804610
12.822695
12.840806
12.858942
12.877104
12.895291
12.913505
12.931744
12.950008
12.968299
12.986615
13.004957
13.023326
13.041720
13.060140
13.078586
13.097058
13.115556
13.134081
13.152631
13.171208
13.189811
13.208440
13.227095
13.245777
13.264486
13.283220
13.301982
13.320769
13.339583
13.358424
13.377292
13.396186
13.415106
13.434054
13.453028
13.472029
13.491057
13.510111
13.529193
13.548302
13.567437
13.586600
13.605789
13.625006
13.644250
13.663521
13.682819
13.702145
13.721498
13.740878
13.760286
13.779721
13.799183
13.818673
13.838190
13.857735
13.877308
13.896908
13.916536
13.936192
13.955875
13.975586
13.995325
14.015092
14.034887
14.054710
14.074561
14.094440
14.114347
14.134282
14.154245
14.174236
14.194256
14.214304
14.234380
14.254485
14.274618
14.294779
14.314969
14.335187
14.355434
14.375710
14.396014
14.416347
14.436708
14.457099
14.477518
14.497966
14.518443
14.538949
14.559483
14.580047
14.600640
14.621262
14.641913
14.662593
14.683302
14.704041
14.724809
14.745606
14.766433
14.787289
14.808174
14.829089
14.850034
14.871008
14.892012
14.913045
14.934108
14.955201
14.976324
14.997476
15.018659
15.039871
15.061113
15.082385
15.103688
15.125020
15.146383
15.167775
15.189198
15.210651
15.232135
15.253649
15.275193
15.296767
15.318373
15.340008
15.361674
15.383371
15.405098
15.426857
15.448645
15.470465
15.492315
15.514197
15.536109
15.558052
15.580026
15.602031
15.624068
15.646135
15.668233
15.690363
15.712524
15.734716
15.756940
15.779195
15.801482
15.823800
15.846149
15.868530
15.890943
15.913387
15.935863
15.958371
15.980910
16.003482
16.026085
16.048720
16.071387
16.094086
16.116818
16.139581
16.162376
16.185204
16.208064
16.230956
16.253881
16.276838
16.299827
16.322849
16.345903
16.368990
16.392109
16.415262
16.438446
16.461664
16.484914
16.508198
16.531514
16.554863
16.578245
16.601660
16.625108
16.648589
16.672104
16.695651
16.719232
16.742846
16.766494
16.790175
16.813889
16.837637
16.861418
16.885233
16.909082
16.932964
16.956880
16.980830
17.004814
17.028831
17.052883
17.076968
17.101088
17.125241
17.149429
17.173650
17.197906
17.222197
17.246521
17.270880
17.295273
17.319701
17.344164
17.368660
17.393192
17.417758
17.442359
17.466994
17.491664
17.516370
17.541110
17.565885
17.590695
17.615540
17.640420
17.665335
17.690285
17.715271
17.740292
17.765348
17.790440
17.815567
17.840730
17.865928
17.891162
17.916431
17.941736
17.967077
17.992454
18.017866
18.043315
18.068799
18.094319
18.119875
18.145468
18.171096
18.196761
18.222462
18.248200
18.273973
18.299783
18.325630
18.351513
18.377433
18.403389
18.429382
18.455411
18.481478
18.507581
18.533721
18.559898
18.586112
18.612363
18.638651
18.664976
18.691338
18.717738
18.744174
18.770649
18.797160
18.823709
18.850296
18.876920
18.903582
18.930281
18.957018
18.983793
19.010605
19.037456
19.064344
19.091271
19.118235
19.145238
19.172278
19.199357
19.226474
19.253630
19.280823
19.308055
19.335326
19.362635
19.389983
19.417369
19.444794
19.472258
19.499761
19.527302
19.554882
19.582501
19.610160
19.637857
19.665593
19.693369
19.721184
19.749038
19.776931
19.804864
19.832837
19.860848
19.888900
19.916991
19.945121
19.973292
20.001502
20.029752
20.058042
20.086372
20.114742
20.143152
20.171602
20.200092
20.228623
20.257193
20.285805
20.314456
20.343148
20.371881
20.400654
20.429468
20.458322
20.487217
20.516154
20.545130
20.574148
20.603207
20.632307
20.661448
20.690630
20.719854
20.749118
20.778424
20.807771
20.837160
20.866591
20.896062
20.925576
20.955131
20.984728
21.014367
21.044047
21.073770
21.103534
21.133341
21.163190
21.193080
21.223013
21.252989
21.283006
21.313066
21.343169
21.373314
21.403501
21.433732
21.464005
21.494320
21.524679
21.555080
21.585524
21.616012
21.646542
21.677116
21.707732
21.738392
21.769095
21.799842
21.830632
21.861465
21.892342
21.923263
21.954227
21.985235
22.016287
22.047383
22.078523
22.109706
22.140934
22.172206
22.203522
22.234882
22.266286
22.297735
22.329228
22.360766
22.392348
22.423975
22.455647
22.487363
22.519124
22.550930
22.582781
22.614676
22.646617
22.678603
22.710634
22.742711
22.774833
22.807000
22.839212
22.871470
22.903774
22.936123
22.968518
23.000958
23.033445
23.065977
23.098556
23.131180
23.163850
23.196567
23.229329
23.262138
23.294994
23.327896
23.360844
23.393839
23.426880
23.459968
23.493103
23.526284
23.559513
23.592788
23.626110
23.659480
23.692896
23.726360
23.759871
23.793429
23.827035
23.860688
23.894389
23.928137
23.961933
23.995777
24.029669
24.063608
24.097595
24.131631
24.165714
24.199846
24.234025
24.268253
24.302530
24.336855
24.371228
24.405650
24.440120
24.474639
24.509207
24.543824
24.578489
24.613204
24.647968
24.682780
24.717642
24.752553
24.787514
24.822523
24.857583
24.892691
24.927850
24.963058
24.998315
25.033623
25.068980
25.104388
25.139845
25.175352
25.210910
25.246518
25.282176
25.317884
25.353643
25.389452
25.425312
25.461223
25.497184
25.533196
25.569259
25.605373
25.641538
25.677754
25.714021
25.750340
25.786709
25.823130
25.859603
25.896127
25.932702
25.969330
26.006009
26.042739
26.079522
26.116357
26.153243
26.190182
26.227173
26.264216
26.301312
26.338459
26.375660
26.412913
26.450218
26.487576
26.524987
26.562451
26.599968
26.637537
26.675160
26.712836
26.750565
26.788347
26.826183
26.864072
26.902015
26.940011
26.978061
27.016165
27.054323
27.092534
27.130799
27.169119
27.207492
27.245920
27.284402
27.322938
27.361529
27.400175
27.438874
27.477629
27.516438
27.555302
27.594221
27.633195
27.672224
27.711308
27.750448
27.789642
27.828892
27.868198
27.907559
27.946975
27.986447
28.025975
28.065559
28.105199
28.144894
28.184646
28.224454
28.264318
28.304238
28.344215
28.384249
28.424338
28.464485
28.504688
28.544948
28.585264
28.625638
28.666069
28.706557
28.747102
28.787704
28.828364
28.869081
28.909855
28.950687
28.991577
29.032525
29.073530
29.114594
29.155715
29.196894
29.238132
29.279428
29.320782
29.362194
29.403665
29.445195
29.486783
29.528430
29.570136
29.611901
29.653725
29.695607
29.737549
29.779551
29.821611
29.863731
29.905910
29.948149
29.990448
30.032806
30.075225
30.117703
30.160241
30.202839
30.245497
30.288216
30.330995
30.373834
30.416734
30.459695
30.502716
30.545798
30.588940
30.632144
30.675409
30.718735
30.762122
30.805570
30.849080
30.892651
30.936283
30.979978
31.023734
31.067551
31.111431
31.155373
31.199376
31.243442
31.287570
31.331761
31.376014
31.420329
31.464707
31.509147
31.553651
31.598217
31.642846
31.687539
31.732294
31.777112
31.821994
31.866940
31.911948
31.957021
32.002156
32.047356
32.092620
32.137947
32.183339
32.228794
32.274314
32.319898
32.365547
32.411260
32.457037
32.502879
32.548786
32.594758
32.640795
32.686896
32.733063
32.779295
32.825593
32.871955
32.918384
32.964877
33.011437
33.058062
33.104753
33.151510
33.198333
33.245222
33.292178
33.339199
33.386288
33.433442
33.480664
33.527951
33.575306
33.622728
33.670216
33.717772
33.765395
33.813085
33.860842
33.908667
33.956560
34.004520
34.052548
34.100643
34.148807
34.197039
34.245338
34.293706
34.342143
34.390647
34.439221
34.487862
34.536573
34.585352
34.634200
34.683118
34.732104
34.781159
34.830284
34.879478
34.928742
34.978075
35.027478
35.076951
35.126493
35.176106
35.225788
35.275541
35.325364
35.375257
35.425221
35.475256
35.525361
35.575537
35.625783
35.676101
35.726490
35.776950
35.827481
35.878084
35.928758
35.979503
36.030321
36.081210
36.132171
36.183203
36.234308
36.285486
36.336735
36.388057
36.439451
36.490918
36.542458
36.594070
36.645756
36.697514
36.749345
36.801250
36.853228
36.905279
36.957404
37.009602
37.061875
37.114221
37.166641
37.219135
37.271703
37.324345
37.377062
37.429853
37.482719
37.535659
37.588675
37.641765
37.694930
37.748170
37.801485
37.854876
37.908342
37.961883
38.015501
38.069194
38.122962
38.176807
38.230728
38.284725
38.338798
38.392947
38.447173
38.501476
38.555855
38.610312
38.664845
38.719455
38.774142
38.828906
38.883748
38.938667
38.993664
39.048739
39.103891
39.159121
39.214429
39.269815
39.325280
39.380823
39.436444
39.492144
39.547923
39.603780
39.659716
39.715731
39.771826
39.827999
39.884252
39.940584
39.996996
40.053488
40.110059
40.166711
40.223442
40.280253
40.337145
40.394117
40.451169
40.508302
40.565516
40.622811
40.680186
40.737643
40.795180
40.852799
40.910500
40.968281
41.026145
41.084090
41.142117
41.200226
41.258417
41.316690
41.375046
41.433484
41.492004
41.550607
41.609293
41.668062
41.726914
41.785849
41.844867
41.903968
41.963153
42.022422
42.081774
42.141210
42.200730
42.260334
42.320023
42.379795
42.439652
42.499594
42.559620
42.619731
42.679927
42.740208
42.800574
42.861026
42.921562
42.982185
43.042892
43.103686
43.164565
43.225531
43.286582
43.347720
43.408944
43.470255
43.531652
43.593136
43.654707
43.716365
43.778109
43.839941
43.901861
43.963867
44.025962
44.088144
44.150414
44.212772
44.275218
44.337752
44.400374
44.463085
44.525885
44.588773
44.651750
44.714816
44.777971
44.841215
44.904548
44.967971
45.031484
45.095086
45.158778
45.222560
45.286433
45.350395
45.414448
45.478591
45.542825
45.607149
45.671564
45.736071
45.800668
45.865357
45.930137
45.995008
46.059971
46.125026
46.190173
46.255412
46.320743
46.386166
46.451682
46.517290
46.582991
46.648784
46.714671
46.780650
46.846723
46.912889
46.979149
47.045502
47.111949
47.178490
47.245124
47.311853
47.378676
47.445594
47.512606
47.579712
47.646914
47.714210
47.781601
47.849088
47.916670
47.984347
48.052120
48.119988
48.187953
48.256013
48.324170
48.392423
48.460772
48.529218
48.597760
48.666399
48.735136
48.803969
48.872899
48.941927
49.011053
49.080276
49.149596
49.219015
49.288532
49.358147
49.427860
49.497672
49.567582
49.637591
49.707699
49.777906
49.848212
49.918617
49.989122
50.059727
50.130431
50.201235
50.272139
50.343143
50.414247
50.485452
50.556758
50.628164
50.699671
50.771279
50.842988
50.914798
50.986710
51.058724
51.130839
51.203056
51.275375
51.347796
51.420319
51.492945
51.565673
51.638505
51.711439
51.784476
51.857616
51.930859
52.004206
52.077657
52.151211
52.224869
52.298631
52.372498
52.446468
52.520543
52.594723
52.669008
52.743397
52.817892
52.892492
52.967197
53.042007
53.116924
53.191946
53.267074
53.342308
53.417648
53.493095
53.568649
53.644309
53.720076
53.795950
53.871931
53.948020
54.024215
54.100519
54.176930
54.253450
54.330077
54.406813
54.483656
54.560609
54.637670
54.714840
54.792119
54.869507
54.947005
55.024612
55.102328
55.180154
55.258091
55.336137
55.414293
55.492560
55.570938
55.649426
55.728025
55.806735
55.885556
55.964489
56.043533
56.122688
56.201956
56.281335
56.360827
56.440431
56.520147
56.599976
56.679917
56.759972
56.840139
56.920420
57.000814
57.081322
57.161943
57.242678
57.323528
57.404491
57.485569
57.566761
57.648068
57.729490
57.811027
57.892679
57.974447
58.056330
58.138328
58.220442
58.302673
58.385019
58.467482
58.550061
58.632757
58.715570
58.798499
58.881546
58.964710
59.047991
59.131391
59.214908
59.298542
59.382295
59.466167
59.550156
59.634265
59.718492
59.802838
59.887303
59.971888
60.056592
60.141416
60.226359
60.311423
60.396606
60.481910
60.567334
60.652880
60.738545
60.824332
60.910240
60.996270
61.082420
61.168693
61.255087
61.341604
61.428242
61.515003
61.601887
61.688893
61.776022
61.863275
61.950650
62.038149
62.125771
62.213517
62.301387
62.389382
62.477500
62.565743
62.654111
62.742603
62.831220
62.919963
63.008831
63.097824
63.186943
63.276188
63.365559
63.455057
63.544680
63.634430
63.724307
63.814311
63.904442
63.994701
64.085087
64.175600
64.266241
64.357011
64.447908
64.538934
64.630089
64.721372
64.812784
64.904326
64.995996
65.087796
65.179726
65.271786
65.363975
65.456295
65.548745
65.641326
65.734037
65.826880
65.919853
66.012958
66.106195
66.199563
66.293063
66.386695
66.480459
66.574356
66.668385
66.762547
66.856843
66.951271
67.045832
67.140528
67.235357
67.330320
67.425417
67.520648
67.616014
67.711515
67.807150
67.902920
67.998826
68.094868
68.191044
68.287357
68.383806
68.480391
68.577112
68.673970
68.770965
68.868097
68.965366
69.062772
69.160316
69.257998
69.355818
69.453776
69.551872
69.650107
69.748480
69.846993
69.945644
70.044435
70.143365
70.242436
70.341646
70.440996
70.540487
70.640118
70.739889
70.839802
70.939856
71.040051
71.140388
71.240866
71.341486
71.442249
71.543154
71.644201
71.745391
71.846724
71.948200
72.049819
72.151582
72.253488
72.355539
72.457734
72.560073
72.662556
72.765184
72.867958
72.970876
73.073940
73.177149
73.280504
73.384005
73.487652
73.591446
73.695386
73.799473
73.903707
74.008089
74.112617
74.217294
74.322118
74.427090
74.532211
74.637480
74.742897
74.848464
74.954179
75.060044
75.166059
75.272223
75.378537
75.485002
75.591616
75.698382
75.805298
75.912365
76.019583
76.126953
76.234474
76.342147
76.449973
76.557950
76.666080
76.774363
76.882799
76.991388
77.100130
77.209026
77.318076
77.427280
77.536637
77.646150
77.755817
77.865639
77.975616
78.085748
78.196036
78.306480
78.417080
78.527836
78.638748
78.749817
78.861043
78.972426
79.083966
79.195664
79.307520
79.419534
79.531705
79.644036
79.756524
79.869172
79.981979
80.094945
80.208071
80.321357
80.434802
80.548408
80.662174
80.776101
80.890189
81.004438
81.118848
81.233420
81.348154
81.463050
81.578108
81.693328
81.808711
81.924258
82.039967
82.155840
82.271877
82.388077
82.504442
82.620971
82.737664
82.854522
82.971546
83.088734
83.206089
83.323608
83.441294
83.559146
83.677165
83.795350
83.913703
84.032222
84.150909
84.269763
84.388785
84.507976
84.627334
84.746862
84.866558
84.986423
85.106457
85.226661
85.347035
85.467579
85.588293
85.709177
85.830233
85.951459
86.072856
86.194425
86.316166
86.438079
86.560163
86.682420
86.804850
86.927453
87.050229
87.173178
87.296301
87.419598
87.543069
87.666715
87.790535
87.914530
88.038700
88.163046
88.287567
88.412264
88.537137
88.662186
88.787412
88.912815
89.038395
89.164153
89.290088
89.416201
89.542492
89.668961
89.795609
89.922436
90.049442
90.176628
90.303993
90.431538
90.559263
90.687168
90.815255
90.943522
91.071970
91.200599
91.329411
91.458404
91.587580
91.716937
91.846478
91.976202
92.106108
92.236199
92.366473
92.496931
92.627573
92.758400
92.889411
93.020608
93.151990
93.283557
93.415311
93.547250
93.679376
93.811688
93.944187
94.076874
94.209747
94.342809
94.476058
94.609496
94.743122
94.876937
95.010940
95.145133
95.279516
95.414088
95.548851
95.683804
95.818947
95.954281
96.089807
96.225523
96.361432
96.497532
96.633825
96.770310
96.906988
97.043859
97.180924
97.318182
97.455633
97.593279
97.731120
97.869155
98.007384
98.145810
98.284430
98.423247
98.562259
98.701468
98.840874
98.980476
99.120276
99.260273
99.400468
99.540861
99.681452
99.822241
99.963230
100.104417
100.245804
100.387391
100.529178
100.671165
100.813352
100.955741
101.098330
101.241121
101.384114
101.527308
101.670705
101.814304
101.958106
102.102111
102.246320
102.390732
102.535348
102.680169
102.825194
102.970424
103.115859
103.261499
103.407345
103.553397
103.699656
103.846121
103.992792
104.139671
104.286758
104.434052
104.581554
104.729265
104.877184
105.025312
105.173649
105.322196
105.470953
105.619919
105.769096
105.918484
106.068083
106.217893
106.367915
106.518148
106.668594
106.819252
106.970124
107.121208
107.272505
107.424016
107.575742
107.727681
107.879835
108.032204
108.184788
108.337588
108.490604
108.643835
108.797283
108.950948
109.104830
109.258929
109.413246
109.567781
109.722534
109.877506
110.032696
110.188106
110.343735
110.499584
110.655653
110.811943
110.968453
111.125184
111.282137
111.439312
111.596708
111.754327
111.912168
112.070232
112.228520
112.387031
112.545766
112.704725
112.863909
113.023317
113.182951
113.342810
113.502895
113.663206
113.823743
113.984507
114.145499
114.306717
114.468163
114.629838
114.791740
114.953872
115.116232
115.278822
115.441641
115.604690
115.767970
115.931480
116.095221
116.259194
116.423398
116.587834
116.752502
116.917402
117.082536
117.247903
117.413503
117.579338
117.745406
117.911709
118.078247
118.245021
118.412029
118.579274
118.746755
118.914472
119.082426
119.250618
119.419047
119.587714
119.756619
119.925763
120.095145
120.264767
120.434629
120.604730
120.775072
120.945654
121.116477
121.287541
121.458847
121.630395
121.802186
121.974218
122.146494
122.319013
122.491776
122.664783
122.838034
123.011530
123.185271
123.359258
123.533490
123.707968
123.882692
124.057664
124.232882
124.408348
124.584062
124.760024
124.936235
125.112694
125.289403
125.466361
125.643569
125.821027
125.998736
126.176697
126.354908
126.533371
126.712086
126.891054
127.070274
127.249748
127.429475
127.609456
127.789691
127.970180
128.150925
128.331925
128.513180
128.694691
128.876459
129.058484
129.240765
129.423305
129.606102
129.789157
129.972470
130.156043
130.339875
130.523966
130.708318
130.892929
131.077802
131.262936
131.448331
131.633988
131.819907
132.006089
132.192534
132.379242
132.566214
132.753450
132.940950
133.128716
133.316746
133.505042
133.693604
133.882432
134.071527
134.260889
134.450519
134.640416
134.830582
135.021016
135.211719
135.402691
135.593933
135.785446
135.977228
136.169282
136.361607
136.554204
136.747072
136.940213
137.133627
137.327314
137.521274
137.715509
137.910018
138.104801
138.299860
138.495194
138.690804
138.886690
139.082853
139.279293
139.476011
139.673006
139.870279
140.067832
140.265663
140.463773
140.662164
140.860834
141.059786
141.259018
141.458531
141.658327
141.858405
142.058765
142.259408
142.460334
142.661545
142.863039
143.064819
143.266883
143.469232
143.671867
143.874789
144.077997
144.281492
144.485275
144.689345
144.893704
145.098351
145.303287
145.508513
145.714029
145.919834
146.125931
146.332319
146.538998
146.745969
146.953232
147.160788
147.368638
147.576780
147.785217
147.993948
148.202974
148.412296
148.621913
148.831825
149.042035
149.252541
149.463345
149.674446
149.885846
150.097544
150.309541
150.521838
150.734434
150.947331
151.160528
151.374026
151.587826
151.801928
152.016333
152.231040
152.446050
152.661365
152.876983
153.092906
153.309133
153.525667
153.742506
153.959651
154.177103
154.394862
154.612928
154.831303
155.049986
155.268978
155.488279
155.707890
155.927811
156.148043
156.368586
156.589440
156.810607
157.032085
157.253877
157.475981
157.698400
157.921132
158.144179
158.367542
158.591219
158.815213
159.039523
159.264149
159.489093
159.714355
159.939935
160.165833
160.392051
160.618588
160.845445
161.072622
161.300121
161.527940
161.756082
161.984545
162.213331
162.442441
162.671874
162.901631
163.131712
163.362119
163.592851
163.823909
164.055293
164.287004
164.519042
164.751408
164.984102
165.217125
165.450477
165.684159
165.918170
166.152512
166.387185
166.622190
166.857526
167.093195
167.329197
167.565532
167.802201
168.039204
168.276542
168.514215
168.752224
168.990568
169.229250
169.468269
169.707625
169.947319
170.187352
170.427724
170.668435
170.909487
171.150878
171.392611
171.634685
171.877101
172.119860
172.362961
172.606406
172.850195
173.094327
173.338805
173.583628
173.828797
174.074312
174.320174
174.566383
174.812940
175.059845
175.307098
175.554701
175.802654
176.050957
176.299610
176.548615
176.797972
177.047680
177.297742
177.548156
177.798925
178.050047
178.301524
178.553357
178.805544
179.058089
179.310990
179.564248
179.817863
180.071837
180.326170
180.580862
180.835914
181.091325
181.347098
181.603232
181.859727
182.116585
182.373806
182.631390
182.889338
183.147650
183.406327
183.665369
183.924777
184.184552
184.444693
184.705202
184.966079
185.227324
185.488939
185.750922
186.013276
186.276000
186.539096
186.802563
187.066402
187.330614
187.595199
187.860157
188.125490
188.391198
188.657281
188.923740
189.190575
189.457787
189.725376
189.993343
190.261689
190.530414
190.799518
191.069003
191.338868
191.609114
191.879742
192.150752
192.422145
192.693921
192.966081
193.238625
193.511555
193.784870
194.058570
194.332658
194.607133
194.881995
195.157245
195.432885
195.708913
195.985332
196.262140
196.539340
196.816931
197.094915
197.373291
197.652060
197.931223
198.210780
198.490732
198.771080
199.051823
199.332963
199.614500
199.896435
200.178768
200.461499
200.744630
201.028161
201.312092
201.596425
201.881158
202.166295
202.451833
202.737775
203.024121
203.310872
203.598027
203.885588
204.173555
204.461929
204.750710
205.039899
205.329497
205.619503
205.909919
206.200746
206.491983
206.783631
207.075691
207.368164
207.661050
207.954350
208.248063
208.542192
208.836736
209.131696
209.427073
209.722867
210.019078
210.315709
210.612757
210.910226
211.208115
211.506424
211.805155
212.104308
212.403883
212.703881
213.004303
213.305150
213.606421
213.908118
214.210240
214.512790
214.815767
215.119172
215.423005
215.727268
216.031960
216.337083
216.642636
216.948621
217.255039
217.561889
217.869172
218.176890
218.485042
218.793629
219.102652
219.412112
219.722009
220.032343
220.343116
220.654327
220.965979
221.278070
221.590602
221.903576
222.216991
222.530850
222.845151
223.159897
223.475087
223.790722
224.106803
224.423331
224.740305
225.057727
225.375598
225.693917
226.012687
226.331906
226.651576
226.971698
227.292272
227.613298
227.934778
228.256712
228.579101
228.901945
229.225245
229.549002
229.873216
230.197888
230.523019
230.848608
231.174658
231.501168
231.828139
232.155572
232.483468
232.811826
233.140649
233.469936
233.799688
234.129905
234.460589
234.791740
235.123359
235.455447
235.788003
236.121029
236.454525
236.788492
237.122931
237.457843
237.793227
238.129085
238.465418
238.802225
239.139509
239.477268
239.815505
240.154219
240.493412
240.833084
241.173235
241.513867
241.854981
242.196576
242.538653
242.881213
243.224258
243.567787
243.911801
244.256301
244.601287
244.946761
245.292723
245.639173
245.986113
246.333543
246.681463
247.029875
247.378779
247.728176
248.078066
248.428450
248.779329
249.130704
249.482575
249.834943
250.187809
250.541173
250.895037
251.249400
251.604263
251.959628
252.315495
252.671864
253.028737
253.386113
253.743995
254.102382
254.461275
254.820675
255.180582
255.540998
255.901923
256.263358
256.625303
256.987760
257.350728
257.714209
258.078204
258.442712
258.807736
259.173275
259.539330
259.905902
260.272992
260.640600
261.008728
261.377376
261.746544
262.116234
262.486445
262.857180
263.228439
263.600221
263.972529
264.345363
264.718723
265.092610
265.467026
265.841971
266.217445
266.593449
266.969984
267.347052
267.724652
268.102785
268.481452
268.860654
269.240392
269.620665
270.001477
270.382825
270.764713
271.147140
271.530107
271.913615
272.297664
272.682257
273.067392
273.453071
273.839295
274.226064
274.613380
275.001243
275.389653
275.778612
276.168121
276.558180
276.948789
277.339950
277.731664
278.123931
278.516752
278.910128
279.304060
279.698547
280.093592
280.489195
280.885357
281.282078
281.679360
282.077203
282.475607
282.874575
283.274105
283.674201
284.074861
284.476087
284.877880
285.280240
285.683168
286.086666
286.490734
286.895372
287.300582
287.706364
288.112719
288.519648
288.927152
289.335232
289.743887
290.153120
290.562931
290.973321
291.384291
291.795841
292.207972
292.620685
293.033981
293.447861
293.862326
294.277376
294.693012
295.109235
295.526046
295.943445
296.361435
296.780014
297.199185
297.618948
298.039304
298.460253
298.881797
299.303936
299.726672
300.150005
300.573935
300.998464
301.423593
301.849323
302.275653
302.702586
303.130122
303.558262
303.987006
304.416356
304.846312
305.276876
305.708048
306.139828
306.572219
307.005220
307.438833
307.873058
308.307897
308.743350
309.179417
309.616101
310.053402
310.491320
310.929856
311.369012
311.808788
312.249186
312.690205
313.131848
313.574114
314.017004
314.460521
314.904663
315.349433
315.794831
316.240859
316.687516
317.134804
317.582724
318.031276
318.480462
318.930283
319.380738
319.831830
320.283559
320.735926
321.188933
321.642578
322.096865
322.551793
323.007364
323.463578
323.920437
324.377940
324.836090
325.294888
325.754333
326.214427
326.675171
327.136565
327.598611
328.061310
328.524663
328.988669
329.453332
329.918650
330.384626
330.851259
331.318552
331.786505
332.255119
332.724395
333.194333
333.664935
334.136202
334.608135
335.080734
335.554001
336.027936
336.502540
336.977815
337.453761
337.930379
338.407670
338.885636
339.364276
339.843593
340.323587
340.804258
341.285609
341.767639
342.250350
342.733743
343.217819
343.702578
344.188022
344.674152
345.160968
345.648472
346.136664
346.625546
347.115119
347.605383
348.096339
348.587989
349.080333
349.573372
350.067108
350.561541
351.056673
351.552504
352.049035
352.546268
353.044203
353.542841
354.042183
354.542231
355.042985
355.544446
356.046615
356.549494
357.053083
357.557383
358.062396
358.568121
359.074561
359.581717
360.089588
360.598177
361.107485
361.617511
362.128258
362.639727
363.151917
363.664832
364.178470
364.692834
365.207925
365.723743
366.240290
366.757566
367.275573
367.794311
368.313782
368.833987
369.354926
369.876602
370.399014
370.922164
371.446053
371.970681
372.496051
373.022163
373.549018
374.076617
374.604961
375.134052
375.663889
376.194475
376.725811
377.257897
377.790734
378.324324
378.858668
379.393766
379.929620
380.466231
381.003600
381.541728
382.080616
382.620265
383.160676
383.701850
384.243789
384.786493
385.329964
385.874203
386.419210
386.964986
387.511534
388.058854
388.606946
389.155813
389.705455
390.255873
390.807069
391.359043
391.911797
392.465332
393.019648
393.574747
394.130630
394.687299
395.244753
395.802995
396.362026
396.921846
397.482457
398.043859
398.606054
399.169044
399.732829
400.297409
400.862788
401.428965
401.995941
402.563718
403.132298
403.701680
404.271867
404.842858
405.414657
405.987263
406.560677
407.134902
407.709937
408.285785
408.862446
409.439922
410.018213
410.597321
411.177247
411.757992
412.339557
412.921943
413.505153
414.089185
414.674043
415.259727
415.846238
416.433577
417.021746
417.610746
418.200578
418.791242
419.382741
419.975076
420.568247
421.162255
421.757103
422.352791
422.949320
423.546692
424.144908
424.743968
425.343875
425.944628
426.546231
427.148683
427.751986
428.356141
428.961149
429.567012
430.173731
430.781306
431.389740
431.999033
432.609186
433.220202
433.832080
434.444823
435.058431
435.672905
436.288248
436.904459
437.521541
438.139495
438.758321
439.378021
439.998597
440.620049
441.242379
441.865588
442.489677
443.114647
443.740501
444.367238
444.994860
445.623369
446.252765
446.883051
447.514227
448.146294
448.779254
449.413107
450.047857
450.683502
451.320046
451.957488
452.595831
453.235075
453.875223
454.516274
455.158231
455.801094
456.444866
457.089546
457.735138
458.381641
459.029057
459.677388
460.326634
460.976797
461.627879
462.279880
462.932802
463.586647
464.241414
464.897107
465.553726
466.211272
466.869746
467.529151
468.189487
468.850756
469.512959
470.176097
470.840172
471.505184
472.171136
472.838029
473.505863
474.174641
474.844363
475.515031
476.186646
476.859210
477.532724
478.207189
478.882607
479.558979
480.236306
480.914590
481.593831
482.274032
482.955194
483.637318
484.320405
485.004457
485.689475
486.375461
487.062416
487.750340
488.439237
489.129106
489.819950
490.511770
491.204566
491.898342
492.593097
493.288833
493.985552
494.683255
495.381944
496.081619
496.782282
497.483936
498.186580
498.890216
499.594847
500.300472
501.007094
501.714715
502.423334
503.132955
503.843578
504.555204
505.267836
505.981474
506.696120
507.411775
508.128441
508.846120
509.564812
510.284519
511.005243
511.726984
512.449745
513.173527
513.898331
514.624159
515.351012
516.078891
516.807799
517.537736
518.268704
519.000705
519.733739
520.467809
521.202915
521.939060
522.676244
523.414470
524.153738
524.894051
525.635409
526.377814
527.121268
527.865771
528.611327
529.357935
530.105598
530.854317
531.604093
532.354928
533.106824
533.859782
534.613803
535.368889
536.125042
536.882263
537.640553
538.399914
539.160348
539.921856
540.684439
541.448099
542.212838
542.978657
543.745558
544.513542
545.282610
546.052765
546.824008
547.596340
548.369762
549.144277
549.919886
550.696591
551.474392
552.253292
553.033292
553.814394
554.596599
555.379909
556.164325
556.949849
557.736483
558.524228
559.313085
560.103056
560.894143
561.686348
562.479671
563.274115
564.069681
564.866370
565.664185
566.463127
567.263197
568.064397
568.866729
569.670193
570.474793
571.280529
572.087403
572.895417
573.704572
574.514870
575.326312
576.138901
576.952637
577.767522
578.583559
579.400747
580.219091
581.038590
581.859246
582.681061
583.504038
584.328176
585.153479
585.979947
586.807582
587.636387
588.466362
589.297509
590.129831
590.963327
591.798001
592.633854
593.470888
594.309104
595.148503
595.989088
596.830861
597.673822
598.517974
599.363318
600.209856
601.057590
601.906521
602.756651
603.607982
604.460516
605.314253
606.169196
607.025347
607.882707
608.741278
609.601061
610.462059
611.324273
612.187705
613.052356
613.918229
614.785324
615.653644
616.523191
617.393965
618.265970
619.139206
620.013676
620.889380
621.766322
622.644502
623.523922
624.404585
625.286491
626.169643
627.054042
627.939691
628.826590
629.714742
630.604148
631.494811
632.386731
633.279912
634.174353
635.070058
635.967029
636.865266
637.764771
638.665548
639.567596
640.470919
641.375517
642.281393
643.188548
644.096985
645.006705
645.917710
646.830001
647.743581
648.658451
649.574613
650.492070
651.410822
652.330872
653.252221
654.174872
655.098825
656.024084
656.950650
657.878524
658.807709
659.738206
660.670017
661.603145
662.537590
663.473355
664.410442
665.348853
666.288588
667.229652
668.172044
669.115767
670.060823
671.007214
671.954942
672.904008
673.854415
674.806164
675.759257
676.713697
677.669484
678.626622
679.585111
680.544954
681.506153
682.468709
683.432625
684.397902
685.364543
686.332549
687.301922
688.272664
689.244777
690.218264
691.193125
692.169363
693.146980
694.125978
695.106358
696.088124
697.071275
698.055816
699.041747
700.029070
701.017788
702.007903
702.999416
703.992329
704.986645
705.982365
706.979491
707.978026
708.977971
709.979329
710.982100
711.986288
712.991895
713.998921
715.007370
716.017244
717.028543
718.041271
719.055430
720.071020
721.088046
722.106507
723.126407
724.147748
725.170531
726.194759
727.220433
728.247556
729.276130
730.306156
731.337637
732.370576
733.404973
734.440831
735.478152
736.516938
737.557191
738.598914
739.642108
740.686775
741.732918
742.780538
743.829638
744.880220
745.932285
746.985837
748.040876
749.097406
750.155428
751.214944
752.275957
753.338468
754.402480
755.467995
756.535015
757.603542
758.673578
759.745125
760.818186
761.892762
762.968856
764.046470
765.125606
766.206266
767.288452
768.372167
769.457413
770.544191
771.632504
772.722355
773.813744
774.906675
776.001150
777.097171
778.194740
779.293858
780.394530
781.496755
782.600538
783.705880
784.812783
785.921249
787.031280
788.142880
789.256050
790.370791
791.487108
792.605001
793.724472
794.845525
795.968162
797.092384
798.218194
799.345594
800.474586
801.605173
802.737356
803.871139
805.006523
806.143511
807.282104
808.422306
809.564118
810.707543
811.852583
812.999240
814.147517
815.297415
816.448938
817.602087
818.756864
819.913273
821.071315
822.230992
823.392308
824.555264
825.719862
826.886105
828.053995
829.223535
830.394727
831.567573
832.742075
833.918236
835.096059
836.275545
837.456697
838.639517
839.824008
841.010172
842.198011
843.387528
844.578725
845.771604
846.966168
848.162419
849.360360
850.559993
851.761320
852.964344
854.169068
855.375492
856.583621
857.793456
859.005000
860.218255
861.433223
862.649908
863.868311
865.088434
866.310282
867.533854
868.759156
869.986187
871.214952
872.445452
873.677690
874.911669
876.147390
877.384857
878.624072
879.865036
881.107754
882.352227
883.598457
884.846448
886.096201
887.347720
888.601006
889.856062
891.112891
892.371495
893.631876
894.894038
896.157982
897.423712
898.691229
899.960537
901.231637
902.504533
903.779227
905.055720
906.334017
907.614119
908.896030
910.179750
911.465284
912.752634
914.041802
915.332790
916.625603
917.920241
919.216707
920.515005
921.815136
923.117104
924.420910
925.726559
927.034051
928.343390
929.654578
930.967618
932.282512
933.599264
934.917876
936.238350
937.560689
938.884895
940.210972
941.538922
942.868748
944.200451
945.534036
946.869504
948.206859
949.546102
950.887237
952.230266
953.575192
954.922017
956.270745
957.621377
958.973918
960.328368
961.684732
963.043011
964.403209
965.765328
967.129371
968.495340
969.863239
971.233069
972.604835
973.978537
975.354180
976.731766
978.111298
979.492778
980.876210
982.261595
983.648937
985.038238
986.429502
987.822731
989.217927
990.615095
992.014235
993.415352
994.818447
996.223524
997.630586
999.039635
1000.450674
1001.863707
1003.278735
1004.695761
1006.114789
1007.535821
1008.958860
1010.383910
1011.810971
1013.240049
1014.671145
1016.104262
1017.539403
1018.976571
1020.415769
1021.857000
1023.300267
1024.745571
1026.192918
1027.642308
1029.093746
1030.547233
1032.002774
1033.460370
1034.920025
1036.381741
1037.845522
1039.311371
1040.779290
1042.249282
1043.721350
1045.195498
1046.671727
1048.150042
1049.630444
1051.112938
1052.597525
1054.084209
1055.572993
1057.063880
1058.556873
1060.051974
1061.549186
1063.048514
1064.549959
1066.053525
1067.559214
1069.067030
1070.576976
1072.089054
1073.603268
1075.119621
1076.638115
1078.158754
1079.681541
1081.206478
1082.733569
1084.262818
1085.794226
1087.327797
1088.863534
1090.401440
1091.941518
1093.483772
1095.028203
1096.574816
1098.123614
1099.674599
1101.227775
1102.783144
1104.340710
1105.900476
1107.462445
1109.026620
1110.593005
1112.161601
1113.732414
1115.305444
1116.880697
1118.458174
1120.037880
1121.619817
1123.203988
1124.790396
1126.379045
1127.969938
1129.563078
1131.158468
1132.756111
1134.356011
1135.958170
1137.562593
1139.169281
1140.778239
1142.389469
1144.002975
1145.618760
1147.236827
1148.857179
1150.479820
1152.104753
1153.731981
1155.361507
1156.993334
1158.627466
1160.263907
1161.902659
1163.543725
1165.187109
1166.832814
1168.480844
1170.131201
1171.783889
1173.438912
1175.096272
1176.755973
1178.418018
1180.082410
1181.749153
1183.418251
1185.089706
1186.763521
1188.439701
1190.118248
1191.799166
1193.482458
1195.168127
1196.856177
1198.546612
1200.239434
1201.934647
1203.632254
1205.332259
1207.034665
1208.739476
1210.446694
1212.156324
1213.868368
1215.582830
1217.299714
1219.019023
1220.740760
1222.464929
1224.191533
1225.920576
1227.652061
1229.385992
1231.122371
1232.861203
1234.602491
1236.346238
1238.092448
1239.841124
1241.592271
1243.345890
1245.101986
1246.860563
1248.621624
1250.385171
1252.151210
1253.919743
1255.690774
1257.464306
1259.240343
1261.018889
1262.799946
1264.583519
1266.369612
1268.158226
1269.949368
1271.743039
1273.539243
1275.337984
1277.139266
1278.943092
1280.749466
1282.558391
1284.369871
1286.183909
1288.000510
1289.819676
1291.641412
1293.465720
1295.292606
1297.122071
1298.954121
1300.788758
1302.625986
1304.465810
1306.308232
1308.153256
1310.000886
1311.851125
1313.703978
1315.559448
1317.417538
1319.278253
1321.141596
1323.007571
1324.876181
1326.747430
1328.621322
1330.497861
1332.377051
1334.258894
1336.143396
1338.030559
1339.920388
1341.812885
1343.708056
1345.605903
1347.506431
1349.409644
1351.315544
1353.224136
1355.135424
1357.049411
1358.966102
1360.885500
1362.807609
1364.732432
1366.659974
1368.590239
1370.523230
1372.458951
1374.397406
1376.338599
1378.282534
1380.229214
1382.178644
1384.130827
1386.085767
1388.043469
1390.003935
1391.967171
1393.933179
1395.901964
1397.873530
1399.847881
1401.825020
1403.804951
1405.787679
1407.773208
1409.761540
1411.752682
1413.746635
1415.743404
1417.742994
1419.745408
1421.750651
1423.758725
1425.769636
1427.783387
1429.799982
1431.819425
1433.841720
1435.866872
1437.894884
1439.925761
1441.959506
1443.996123
1446.035617
1448.077991
1450.123250
1452.171398
1454.222439
1456.276376
1458.333215
1460.392958
1462.455611
1464.521177
1466.589660
1468.661065
1470.735396
1472.812656
1474.892850
1476.975982
1479.062057
1481.151078
1483.243049
1485.337975
1487.435860
1489.536708
1491.640523
1493.747310
1495.857072
1497.969814
1500.085540
1502.204254
1504.325961
1506.450664
1508.578369
1510.709078
1512.842797
1514.979530
1517.119280
1519.262053
1521.407852
1523.556682
1525.708547
1527.863451
1530.021399
1532.182394
1534.346442
1536.513546
1538.683711
1540.856941
1543.033241
1545.212615
1547.395066
1549.580600
1551.769221
1553.960933
1556.155741
1558.353649
1560.554660
1562.758781
1564.966015
1567.176366
1569.389839
1571.606438
1573.826169
1576.049034
1578.275039
1580.504187
1582.736485
1584.971935
1587.210542
1589.452312
1591.697247
1593.945353
1596.196635
1598.451096
1600.708741
1602.969576
1605.233603
1607.500828
1609.771255
1612.044889
1614.321734
1616.601795
1618.885076
1621.171583
1623.461318
1625.754288
1628.050496
1630.349948
1632.652647
1634.958599
1637.267807
1639.580277
1641.896013
1644.215020
1646.537302
1648.862864
1651.191711
1653.523847
1655.859277
1658.198005
1660.540037
1662.885376
1665.234028
1667.585998
1669.941289
1672.299907
1674.661856
1677.027141
1679.395767
1681.767738
1684.143060
1686.521736
1688.903772
1691.289172
1693.677942
1696.070085
1698.465607
1700.864513
1703.266806
1705.672493
1708.081577
1710.494064
1712.909959
1715.329265
1717.751989
1720.178134
1722.607707
1725.040710
1727.477150
1729.917031
1732.360359
1734.807137
1737.257371
1739.711066
1742.168226
1744.628857
1747.092963
1749.560550
1752.031621
1754.506183
1756.984240
1759.465797
1761.950859
1764.439431
1766.931517
1769.427124
1771.926255
1774.428916
1776.935111
1779.444847
1781.958127
1784.474957
1786.995342
1789.519286
1792.046795
1794.577875
1797.112529
1799.650762
1802.192581
1804.737990
1807.286994
1809.839599
1812.395808
1814.955628
1817.519064
1820.086120
1822.656802
1825.231114
1827.809063
1830.390652
1832.975888
1835.564775
1838.157319
1840.753524
1843.353397
1845.956941
1848.564162
1851.175066
1853.789658
1856.407943
1859.029925
1861.655611
1864.285005
1866.918113
1869.554940
1872.195491
1874.839772
1877.487788
1880.139543
1882.795044
1885.454296
1888.117303
1890.784072
1893.454607
1896.128914
1898.806999
1901.488865
1904.174520
1906.863968
1909.557214
1912.254264
1914.955124
1917.659798
1920.368293
1923.080613
1925.796763
1928.516750
1931.240579
1933.968255
1936.699783
1939.435169
1942.174419
1944.917538
1947.664531
1950.415404
1953.170162
1955.928811
1958.691357
1961.457804
1964.228158
1967.002426
1969.780611
1972.562721
1975.348760
1978.138734
1980.932648
1983.730509
1986.532321
1989.338091
1992.147824
1994.961525
1997.779200
2000.600854
2003.426494
2006.256125
2009.089752
2011.927382
2014.769020
2017.614671
2020.464341
2023.318036
2026.175761
2029.037523
2031.903327
2034.773179
2037.647083
2040.525047
2043.407076
2046.293175
2049.183351
2052.077608
2054.975954
2057.878393
2060.784932
2063.695575
2066.610330
2069.529201
2072.452195
2075.379318
2078.310575
2081.245971
2084.185514
2087.129209
2090.077061
2093.029077
2095.985262
2098.945622
2101.910164
2104.878893
2107.851815
2110.828936
2113.810261
2116.795798
2119.785551
2122.779527
2125.777731
2128.780170
2131.786850
2134.797777
2137.812956
2140.832394
2143.856096
2146.884069
2149.916319
2152.952851
2155.993673
2159.038789
2162.088206
2165.141930
2168.199967
2171.262323
2174.329004
2177.400017
2180.475368
2183.555061
2186.639105
2189.727505
2192.820266
2195.917396
2199.018900
2202.124785
2205.235057
2208.349721
2211.468785
2214.592253
2217.720134
2220.852432
2223.989155
2227.130307
2230.275896
2233.425928
2236.580409
2239.739346
2242.902744
2246.070610
2249.242950
2252.419771
2255.601079
2258.786881
2261.977181
2265.171988
2268.371307
2271.575145
2274.783508
2277.996402
2281.213834
2284.435811
2287.662338
2290.893422
2294.129070
2297.369288
2300.614083
2303.863460
2307.117427
2310.375989
2313.639154
2316.906928
2320.179318
2323.456329
2326.737968
2330.024243
2333.315159
2336.610723
2339.910942
2343.215822
2346.525370
2349.839592
2353.158496
2356.482086
2359.810371
2363.143357
2366.481051
2369.823458
2373.170587
2376.522443
2379.879033
2383.240363
2386.606442
2389.977274
2393.352868
2396.733229
2400.118365
2403.508281
2406.902986
2410.302485
2413.706786
2417.115895
2420.529819
2423.948565
2427.372139
2430.800549
2434.233801
2437.671902
2441.114860
2444.562680
2448.015369
2451.472936
2454.935385
2458.402726
2461.874963
2465.352104
2468.834157
2472.321128
2475.813023
2479.309851
2482.811617
2486.318330
2489.829995
2493.346620
2496.868212
2500.394778
2503.926324
2507.462859
2511.004389
2514.550920
2518.102461
2521.659018
2525.220598
2528.787209
2532.358857
2535.935550
2539.517294
2543.104097
2546.695966
2550.292909
2553.894931
2557.502042
2561.114246
2564.731553
2568.353969
2571.981501
2575.614156
2579.251942
2582.894867
2586.542936
2590.196158
2593.854540
2597.518089
2601.186812
2604.860717
2608.539811
2612.224101
2615.913595
2619.608300
2623.308224
2627.013373
2630.723755
2634.439378
2638.160249
2641.886375
2645.617764
2649.354423
2653.096359
2656.843581
2660.596095
2664.353910
2668.117032
2671.885469
2675.659228
2679.438317
2683.222744
2687.012517
2690.807641
2694.608126
2698.413979
2702.225207
2706.041819
2709.863820
2713.691220
2717.524026
2721.362245
2725.205885
2729.054954
2732.909460
2736.769409
2740.634810
2744.505671
2748.381999
2752.263802
2756.151087
2760.043863
2763.942137
2767.845917
2771.755210
2775.670025
2779.590370
2783.516251
2787.447677
2791.384656
2795.327196
2799.275304
2803.228988
2807.188256
2811.153117
2815.123577
2819.099646
2823.081330
2827.068638
2831.061577
2835.060156
2839.064383
2843.074265
2847.089811
2851.111028
2855.137925
2859.170509
2863.208789
2867.252773
2871.302468
2875.357883
2879.419026
2883.485905
2887.558528
2891.636903
2895.721039
2899.810943
2903.906623
2908.008088
2912.115346
2916.228405
2920.347274
2924.471959
2928.602471
2932.738816
2936.881004
2941.029042
2945.182938
2949.342702
2953.508341
2957.679863
2961.857277
2966.040592
2970.229815
2974.424954
2978.626019
2982.833018
2987.045958
2991.264849
2995.489698
2999.720515
3003.957307
3008.200083
3012.448852
3016.703622
3020.964401
3025.231198
3029.504021
3033.782880
3038.067781
3042.358735
3046.655749
3050.958833
3055.267994
3059.583241
3063.904583
3068.232029
3072.565586
3076.905264
3081.251072
3085.603018
3089.961110
3094.325358
3098.695769
3103.072354
3107.455120
3111.844076
3116.239231
3120.640594
3125.048173
3129.461977
3133.882016
3138.308297
3142.740830
3147.179624
3151.624687
3156.076028
3160.533656
3164.997580
3169.467808
3173.944351
3178.427216
3182.916413
3187.411950
3191.913837
3196.422082
3200.936695
3205.457684
3209.985059
3214.518828
3219.059000
3223.605585
3228.158592
3232.718029
3237.283906
3241.856231
3246.435015
3251.020266
3255.611993
3260.210205
3264.814912
3269.426122
3274.043845
3278.668091
3283.298867
3287.936184
3292.580051
3297.230477
3301.887471
3306.551042
3311.221201
3315.897955
3320.581315
3325.271290
3329.967888
3334.671120
3339.380995
3344.097523
3348.820711
3353.550571
3358.287112
3363.030342
3367.780271
3372.536909
3377.300266
3382.070350
3386.847172
3391.630740
3396.421064
3401.218155
3406.022020
3410.832671
3415.650116
3420.474366
3425.305429
3430.143315
3434.988035
3439.839597
3444.698012
3449.563288
3454.435436
3459.314466
3464.200387
3469.093208
3473.992940
3478.899593
3483.813176
3488.733698
3493.661171
3498.595602
3503.537004
3508.485384
3513.440754
3518.403122
3523.372499
3528.348895
3533.332320
3538.322783
3543.320295
3548.324865
3553.336504
3558.355221
3563.381026
3568.413930
3573.453943
3578.501073
3583.555333
3588.616731
3593.685277
3598.760983
3603.843857
3608.933911
3614.031153
3619.135595
3624.247247
3629.366118
3634.492219
3639.625560
3644.766151
3649.914003
3655.069125
3660.231529
3665.401224
3670.578221
3675.762530
3680.954161
3686.153125
3691.359431
3696.573091
3701.794115
3707.022513
3712.258295
3717.501473
3722.752056
3728.010055
3733.275480
3738.548342
3743.828651
3749.116419
3754.411655
3759.714369
3765.024573
3770.342278
3775.667493
3781.000229
3786.340498
3791.688308
3797.043673
3802.406601
3807.777103
3813.155191
3818.540875
3823.934165
3829.335073
3834.743610
3840.159785
3845.583610
3851.015095
3856.454252
3861.901092
3867.355624
3872.817860
3878.287811
3883.765488
3889.250902
3894.744063
3900.244982
3905.753671
3911.270141
3916.794402
3922.326465
3927.866342
3933.414044
3938.969580
3944.532964
3950.104205
3955.683315
3961.270305
3966.865186
3972.467969
3978.078666
3983.697287
3989.323844
3994.958347
4000.600809
4006.251240
4011.909652
4017.576056
4023.250463
4028.932884
4034.623332
4040.321816
4046.028349
4051.742942
4057.465606
4063.196353
4068.935194
4074.682140
4080.437204
4086.200395
4091.971727
4097.751210
4103.538856
4109.334677
4115.138683
4120.950887
4126.771300
4132.599934
4138.436800
4144.281910
4150.135276
4155.996909
4161.866821
4167.745024
4173.631529
4179.526348
4185.429493
4191.340975
4197.260807
4203.189000
4209.125566
4215.070516
4221.023864
4226.985619
4232.955796
4238.934404
4244.921456
4250.916965
4256.920942
4262.933398
4268.954347
4274.983800
4281.021768
4287.068265
4293.123301
4299.186890
4305.259043
4311.339772
4317.429090
4323.527008
4329.633539
4335.748694
4341.872487
4348.004929
4354.146032
4360.295809
4366.454272
4372.621433
4378.797304
4384.981899
4391.175228
4397.377305
4403.588141
4409.807750
4416.036143
4422.273334
4428.519333
4434.774155
4441.037811
4447.310313
4453.591675
4459.881908
4466.181026
4472.489041
4478.805965
4485.131811
4491.466592
4497.810320
4504.163007
4510.524668
4516.895313
4523.274956
4529.663610
4536.061288
4542.468001
4548.883763
4555.308587
4561.742485
4568.185470
4574.637555
4581.098753
4587.569077
4594.048540
4600.537154
4607.034933
4613.541889
4620.058036
4626.583386
4633.117952
4639.661748
4646.214786
4652.777079
4659.348641
4665.929485
4672.519624
4679.119070
4685.727838
4692.345939
4698.973388
4705.610198
4712.256381
4718.911952
4725.576922
4732.251307
4738.935118
4745.628369
4752.331074
4759.043246
4765.764898
4772.496044
4779.236696
4785.986869
4792.746577
4799.515831
4806.294646
4813.083036
4819.881014
4826.688593
4833.505787
4840.332609
4847.169074
4854.015194
4860.870984
4867.736457
4874.611627
4881.496508
4888.391112
4895.295454
4902.209548
4909.133408
4916.067047
4923.010478
4929.963717
4936.926776
4943.899670
4950.882413
4957.875018
4964.877499
4971.889870
4978.912146
4985.944340
4992.986466
5000.038538
5007.100571
5014.172578
5021.254574
5028.346572
5035.448587
5042.560632
5049.682723
5056.814873
5063.957096
5071.109407
5078.271820
5085.444349
5092.627009
5099.819813
5107.022776
5114.235913
5121.459238
5128.692765
5135.936508
5143.190482
5150.454702
5157.729182
5165.013936
5172.308980
5179.614326
5186.929991
5194.255989
5201.592333
5208.939040
5216.296122
5223.663596
5231.041476
5238.429776
5245.828512
5253.237697
5260.657347
5268.087477
5275.528101
5282.979234
5290.440891
5297.913087
5305.395836
5312.889154
5320.393056
5327.907556
5335.432669
5342.968411
5350.514796
5358.071840
5365.639558
5373.217964
5380.807073
5388.406902
5396.017464
5403.638776
5411.270852
5418.913707
5426.567358
5434.231818
5441.907103
5449.593229
5457.290211
5464.998064
5472.716804
5480.446445
5488.187004
5495.938495
5503.700935
5511.474338
5519.258721
5527.054098
5534.860485
5542.677898
5550.506352
5558.345863
5566.196447
5574.058118
5581.930894
5589.814789
5597.709819
5605.616000
5613.533348
5621.461878
5629.401606
5637.352548
5645.314721
5653.288139
5661.272818
5669.268775
5677.276026
5685.294586
5693.324471
5701.365698
5709.418282
5717.482240
5725.557587
5733.644340
5741.742514
5749.852126
5757.973192
5766.105729
5774.249751
5782.405277
5790.572321
5798.750900
5806.941030
5815.142729
5823.356011
5831.580894
5839.817393
5848.065526
5856.325308
5864.596757
5872.879888
5881.174718
5889.481263
5897.799541
5906.129568
5914.471359
5922.824933
5931.190305
5939.567493
5947.956512
5956.357380
5964.770113
5973.194729
5981.631243
5990.079673
5998.540036
6007.012347
6015.496626
6023.992887
6032.501148
6041.021427
6049.553739
6058.098103
6066.654534
6075.223050
6083.803669
6092.396407
6101.001281
6109.618309
6118.247507
6126.888894
6135.542485
6144.208298
6152.886351
6161.576661
6170.279246
6178.994121
6187.721306
6196.460816
6205.212671
6213.976886
6222.753480
6231.542470
6240.343874
6249.157708
6257.983991
6266.822741
6275.673974
6284.537709
6293.413962
6302.302753
6311.204098
6320.118015
6329.044522
6337.983637
6346.935378
6355.899762
6364.876807
6373.866532
6382.868953
6391.884089
6400.911959
6409.952579
6419.005968
6428.072144
6437.151125
6446.242930
6455.347575
6464.465080
6473.595462
6482.738741
6491.894933
6501.064057
6510.246131
6519.441175
6528.649205
6537.870241
6547.104301
6556.351402
6565.611564
6574.884806
6584.171144
6593.470599
6602.783188
6612.108931
6621.447845
6630.799949
6640.165262
6649.543802
6658.935589
6668.340641
6677.758976
6687.190614
6696.635573
6706.093872
6715.565530
6725.050566
6734.548998
6744.060845
6753.586128
6763.124863
6772.677072
6782.242771
6791.821982
6801.414721
6811.021010
6820.640867
6830.274310
6839.921360
6849.582035
6859.256355
6868.944339
6878.646006
6888.361376
6898.090467
6907.833300
6917.589894
6927.360268
6937.144442
6946.942434
6956.754266
6966.579955
6976.419522
6986.272987
6996.140369
7006.021687
7015.916962
7025.826212
7035.749459
7045.686721
7055.638018
7065.603370
7075.582798
7085.576320
7095.583958
7105.605730
7115.641656
7125.691758
7135.756054
7145.834565
7155.927310
7166.034311
7176.155587
7186.291158
7196.441044
7206.605266
7216.783844
7226.976798
7237.184149
7247.405916
7257.642121
7267.892783
7278.157923
7288.437562
7298.731720
7309.040417
7319.363673
7329.701511
7340.053950
7350.421010
7360.802713
7371.199078
7381.610128
7392.035882
7402.476361
7412.931587
7423.401579
7433.886359
7444.385948
7454.900367
7465.429635
7475.973776
7486.532809
7497.106755
7507.695636
7518.299473
7528.918286
7539.552098
7550.200928
7560.864799
7571.543732
7582.237748
7592.946867
7603.671112
7614.410504
7625.165065
7635.934815
7646.719776
7657.519970
7668.335418
7679.166141
7690.012162
7700.873502
7711.750182
7722.642225
7733.549651
7744.472483
7755.410742
7766.364451
7777.333630
7788.318302
7799.318489
7810.334213
7821.365495
7832.412358
7843.474823
7854.552913
7865.646649
7876.756054
7887.881150
7899.021959
7910.178504
7921.350805
7932.538887
7943.742770
7954.962478
7966.198033
7977.449456
7988.716771
8000.000000
