0.100000
1.100113
2.100225
3.100338
4.100450
5.100563
6.100675
7.100788
8.100900
9.101013
10.101125
11.101238
12.101350
13.101463
14.101575
15.101688
16.101800
17.101913
18.102025
19.102138
20.102250
21.102363
22.102475
23.102588
24.102700
25.102813
26.102925
27.103038
28.103150
29.103263
30.103375
31.103488
32.103600
33.103713
34.103825
35.103938
36.104051
37.104163
38.104276
39.104388
40.104501
41.104613
42.104726
43.104838
44.104951
45.105063
46.105176
47.105288
48.105401
49.105513
50.105626
51.105738
52.105851
53.105963
54.106076
55.106188
56.106301
57.106413
58.106526
59.106638
60.106751
61.106863
62.106976
63.107088
64.107201
65.107313
66.107426
67.107538
68.107651
69.107763
70.107876
71.107988
72.108101
73.108214
74.108326
75.108439
76.108551
77.108664
78.108776
79.108889
80.109001
81.109114
82.109226
83.109339
84.109451
85.109564
86.109676
87.109789
88.109901
89.110014
90.110126
91.110239
92.110351
93.110464
94.110576
95.110689
96.110801
97.110914
98.111026
99.111139
100.111251
101.111364
102.111476
103.111589
104.111701
105.111814
106.111926
107.112039
108.112152
109.112264
110.112377
111.112489
112.112602
113.112714
114.112827
115.112939
116.113052
117.113164
118.113277
119.113389
120.113502
121.113614
122.113727
123.113839
124.113952
125.114064
126.114177
127.114289
128.114402
129.114514
130.114627
131.114739
132.114852
133.114964
134.115077
135.115189
136.115302
137.115414
138.115527
139.115639
140.115752
141.115864
142.115977
143.116090
144.116202
145.116315
146.116427
147.116540
148.116652
149.116765
150.116877
151.116990
152.117102
153.117215
154.117327
155.117440
156.117552
157.117665
158.117777
159.117890
160.118002
161.118115
162.118227
163.118340
164.118452
165.118565
166.118677
167.118790
168.118902
169.119015
170.119127
171.119240
172.119352
173.119465
174.119577
175.119690
176.119802
177.119915
178.120028
179.120140
180.120253
181.120365
182.120478
183.120590
184.120703
185.120815
186.120928
187.121040
188.121153
189.121265
190.121378
191.121490
192.121603
193.121715
194.121828
195.121940
196.122053
197.122165
198.122278
199.122390
200.122503
201.122615
202.122728
203.122840
204.122953
205.123065
206.123178
207.123290
208.123403
209.123515
210.123628
211.123740
212.123853
213.123965
214.124078
215.124191
216.124303
217.124416
218.124528
219.124641
220.124753
221.124866
222.124978
223.125091
224.125203
225.125316
226.125428
227.125541
228.125653
229.125766
230.125878
231.125991
232.126103
233.126216
234.126328
235.126441
236.126553
237.126666
238.126778
239.126891
240.127003
241.127116
242.127228
243.127341
244.127453
245.127566
246.127678
247.127791
248.127903
249.128016
250.128129
251.128241
252.128354
253.128466
254.128579
255.128691
256.128804
257.128916
258.129029
259.129141
260.129254
261.129366
262.129479
263.129591
264.129704
265.129816
266.129929
267.130041
268.130154
269.130266
270.130379
271.130491
272.130604
273.130716
274.130829
275.130941
276.131054
277.131166
278.131279
279.131391
280.131504
281.131616
282.131729
283.131841
284.131954
285.132067
286.132179
287.132292
288.132404
289.132517
290.132629
291.132742
292.132854
293.132967
294.133079
295.133192
296.133304
297.133417
298.133529
299.133642
300.133754
301.133867
302.133979
303.134092
304.134204
305.134317
306.134429
307.134542
308.134654
309.134767
310.134879
311.134992
312.135104
313.135217
314.135329
315.135442
316.135554
317.135667
318.135779
319.135892
320.136005
321.136117
322.136230
323.136342
324.136455
325.136567
326.136680
327.136792
328.136905
329.137017
330.137130
331.137242
332.137355
333.137467
334.137580
335.137692
336.137805
337.137917
338.138030
339.138142
340.138255
341.138367
342.138480
343.138592
344.138705
345.138817
346.138930
347.139042
348.139155
349.139267
350.139380
351.139492
352.139605
353.139717
354.139830
355.139942
356.140055
357.140168
358.140280
359.140393
360.140505
361.140618
362.140730
363.140843
364.140955
365.141068
366.141180
367.141293
368.141405
369.141518
370.141630
371.141743
372.141855
373.141968
374.142080
375.142193
376.142305
377.142418
378.142530
379.142643
380.142755
381.142868
382.142980
383.143093
384.143205
385.143318
386.143430
387.143543
388.143655
389.143768
390.143880
391.143993
392.144106
393.144218
394.144331
395.144443
396.144556
397.144668
398.144781
399.144893
400.145006
401.145118
402.145231
403.145343
404.145456
405.145568
406.145681
407.145793
408.145906
409.146018
410.146131
411.146243
412.146356
413.146468
414.146581
415.146693
416.146806
417.146918
418.147031
419.147143
420.147256
421.147368
422.147481
423.147593
424.147706
425.147818
426.147931
427.148044
428.148156
429.148269
430.148381
431.148494
432.148606
433.148719
434.148831
435.148944
436.149056
437.149169
438.149281
439.149394
440.149506
441.149619
442.149731
443.149844
444.149956
445.150069
446.150181
447.150294
448.150406
449.150519
450.150631
451.150744
452.150856
453.150969
454.151081
455.151194
456.151306
457.151419
458.151531
459.151644
460.151756
461.151869
462.151981
463.152094
464.152207
465.152319
466.152432
467.152544
468.152657
469.152769
470.152882
471.152994
472.153107
473.153219
474.153332
475.153444
476.153557
477.153669
478.153782
479.153894
480.154007
481.154119
482.154232
483.154344
484.154457
485.154569
486.154682
487.154794
488.154907
489.155019
490.155132
491.155244
492.155357
493.155469
494.155582
495.155694
496.155807
497.155919
498.156032
499.156145
500.156257
501.156370
502.156482
503.156595
504.156707
505.156820
506.156932
507.157045
508.157157
509.157270
510.157382
511.157495
512.157607
513.157720
514.157832
515.157945
516.158057
517.158170
518.158282
519.158395
520.158507
521.158620
522.158732
523.158845
524.158957
525.159070
526.159182
527.159295
528.159407
529.159520
530.159632
531.159745
532.159857
533.159970
534.160083
535.160195
536.160308
537.160420
538.160533
539.160645
540.160758
541.160870
542.160983
543.161095
544.161208
545.161320
546.161433
547.161545
548.161658
549.161770
550.161883
551.161995
552.162108
553.162220
554.162333
555.162445
556.162558
557.162670
558.162783
559.162895
560.163008
561.163120
562.163233
563.163345
564.163458
565.163570
566.163683
567.163795
568.163908
569.164021
570.164133
571.164246
572.164358
573.164471
574.164583
575.164696
576.164808
577.164921
578.165033
579.165146
580.165258
581.165371
582.165483
583.165596
584.165708
585.165821
586.165933
587.166046
588.166158
589.166271
590.166383
591.166496
592.166608
593.166721
594.166833
595.166946
596.167058
597.167171
598.167283
599.167396
600.167508
601.167621
602.167733
603.167846
604.167958
605.168071
606.168184
607.168296
608.168409
609.168521
610.168634
611.168746
612.168859
613.168971
614.169084
615.169196
616.169309
617.169421
618.169534
619.169646
620.169759
621.169871
622.169984
623.170096
624.170209
625.170321
626.170434
627.170546
628.170659
629.170771
630.170884
631.170996
632.171109
633.171221
634.171334
635.171446
636.171559
637.171671
638.171784
639.171896
640.172009
641.172122
642.172234
643.172347
644.172459
645.172572
646.172684
647.172797
648.172909
649.173022
650.173134
651.173247
652.173359
653.173472
654.173584
655.173697
656.173809
657.173922
658.174034
659.174147
660.174259
661.174372
662.174484
663.174597
664.174709
665.174822
666.174934
667.175047
668.175159
669.175272
670.175384
671.175497
672.175609
673.175722
674.175834
675.175947
676.176060
677.176172
678.176285
679.176397
680.176510
681.176622
682.176735
683.176847
684.176960
685.177072
686.177185
687.177297
688.177410
689.177522
690.177635
691.177747
692.177860
693.177972
694.178085
695.178197
696.178310
697.178422
698.178535
699.178647
700.178760
701.178872
702.178985
703.179097
704.179210
705.179322
706.179435
707.179547
708.179660
709.179772
710.179885
711.179997
712.180110
713.180223
714.180335
715.180448
716.180560
717.180673
718.180785
719.180898
720.181010
721.181123
722.181235
723.181348
724.181460
725.181573
726.181685
727.181798
728.181910
729.182023
730.182135
731.182248
732.182360
733.182473
734.182585
735.182698
736.182810
737.182923
738.183035
739.183148
740.183260
741.183373
742.183485
743.183598
744.183710
745.183823
746.183935
747.184048
748.184161
749.184273
750.184386
751.184498
752.184611
753.184723
754.184836
755.184948
756.185061
757.185173
758.185286
759.185398
760.185511
761.185623
762.185736
763.185848
764.185961
765.186073
766.186186
767.186298
768.186411
769.186523
770.186636
771.186748
772.186861
773.186973
774.187086
775.187198
776.187311
777.187423
778.187536
779.187648
780.187761
781.187873
782.187986
783.188099
784.188211
785.188324
786.188436
787.188549
788.188661
789.188774
790.188886
791.188999
792.189111
793.189224
794.189336
795.189449
796.189561
797.189674
798.189786
799.189899
800.190011
801.190124
802.190236
803.190349
804.190461
805.190574
806.190686
807.190799
808.190911
809.191024
810.191136
811.191249
812.191361
813.191474
814.191586
815.191699
816.191811
817.191924
818.192037
819.192149
820.192262
821.192374
822.192487
823.192599
824.192712
825.192824
826.192937
827.193049
828.193162
829.193274
830.193387
831.193499
832.193612
833.193724
834.193837
835.193949
836.194062
837.194174
838.194287
839.194399
840.194512
841.194624
842.194737
843.194849
844.194962
845.195074
846.195187
847.195299
848.195412
849.195524
850.195637
851.195749
852.195862
853.195974
854.196087
855.196200
856.196312
857.196425
858.196537
859.196650
860.196762
861.196875
862.196987
863.197100
864.197212
865.197325
866.197437
867.197550
868.197662
869.197775
870.197887
871.198000
872.198112
873.198225
874.198337
875.198450
876.198562
877.198675
878.198787
879.198900
880.199012
881.199125
882.199237
883.199350
884.199462
885.199575
886.199687
887.199800
888.199912
889.200025
890.200138
891.200250
892.200363
893.200475
894.200588
895.200700
896.200813
897.200925
898.201038
899.201150
900.201263
901.201375
902.201488
903.201600
904.201713
905.201825
906.201938
907.202050
908.202163
909.202275
910.202388
911.202500
912.202613
913.202725
914.202838
915.202950
916.203063
917.203175
918.203288
919.203400
920.203513
921.203625
922.203738
923.203850
924.203963
925.204076
926.204188
927.204301
928.204413
929.204526
930.204638
931.204751
932.204863
933.204976
934.205088
935.205201
936.205313
937.205426
938.205538
939.205651
940.205763
941.205876
942.205988
943.206101
944.206213
945.206326
946.206438
947.206551
948.206663
949.206776
950.206888
951.207001
952.207113
953.207226
954.207338
955.207451
956.207563
957.207676
958.207788
959.207901
960.208014
961.208126
962.208239
963.208351
964.208464
965.208576
966.208689
967.208801
968.208914
969.209026
970.209139
971.209251
972.209364
973.209476
974.209589
975.209701
976.209814
977.209926
978.210039
979.210151
980.210264
981.210376
982.210489
983.210601
984.210714
985.210826
986.210939
987.211051
988.211164
989.211276
990.211389
991.211501
992.211614
993.211726
994.211839
995.211951
996.212064
997.212177
998.212289
999.212402
1000.212514
1001.212627
1002.212739
1003.212852
1004.212964
1005.213077
1006.213189
1007.213302
1008.213414
1009.213527
1010.213639
1011.213752
1012.213864
1013.213977
1014.214089
1015.214202
1016.214314
1017.214427
1018.214539
1019.214652
1020.214764
1021.214877
1022.214989
1023.215102
1024.215214
1025.215327
1026.215439
1027.215552
1028.215664
1029.215777
1030.215889
1031.216002
1032.216115
1033.216227
1034.216340
1035.216452
1036.216565
1037.216677
1038.216790
1039.216902
1040.217015
1041.217127
1042.217240
1043.217352
1044.217465
1045.217577
1046.217690
1047.217802
1048.217915
1049.218027
1050.218140
1051.218252
1052.218365
1053.218477
1054.218590
1055.218702
1056.218815
1057.218927
1058.219040
1059.219152
1060.219265
1061.219377
1062.219490
1063.219602
1064.219715
1065.219827
1066.219940
1067.220053
1068.220165
1069.220278
1070.220390
1071.220503
1072.220615
1073.220728
1074.220840
1075.220953
1076.221065
1077.221178
1078.221290
1079.221403
1080.221515
1081.221628
1082.221740
1083.221853
1084.221965
1085.222078
1086.222190
1087.222303
1088.222415
1089.222528
1090.222640
1091.222753
1092.222865
1093.222978
1094.223090
1095.223203
1096.223315
1097.223428
1098.223540
1099.223653
1100.223765
1101.223878
1102.223990
1103.224103
1104.224216
1105.224328
1106.224441
1107.224553
1108.224666
1109.224778
1110.224891
1111.225003
1112.225116
1113.225228
1114.225341
1115.225453
1116.225566
1117.225678
1118.225791
1119.225903
1120.226016
1121.226128
1122.226241
1123.226353
1124.226466
1125.226578
1126.226691
1127.226803
1128.226916
1129.227028
1130.227141
1131.227253
1132.227366
1133.227478
1134.227591
1135.227703
1136.227816
1137.227928
1138.228041
1139.228154
1140.228266
1141.228379
1142.228491
1143.228604
1144.228716
1145.228829
1146.228941
1147.229054
1148.229166
1149.229279
1150.229391
1151.229504
1152.229616
1153.229729
1154.229841
1155.229954
1156.230066
1157.230179
1158.230291
1159.230404
1160.230516
1161.230629
1162.230741
1163.230854
1164.230966
1165.231079
1166.231191
1167.231304
1168.231416
1169.231529
1170.231641
1171.231754
1172.231866
1173.231979
1174.232092
1175.232204
1176.232317
1177.232429
1178.232542
1179.232654
1180.232767
1181.232879
1182.232992
1183.233104
1184.233217
1185.233329
1186.233442
1187.233554
1188.233667
1189.233779
1190.233892
1191.234004
1192.234117
1193.234229
1194.234342
1195.234454
1196.234567
1197.234679
1198.234792
1199.234904
1200.235017
1201.235129
1202.235242
1203.235354
1204.235467
1205.235579
1206.235692
1207.235804
1208.235917
1209.236030
1210.236142
1211.236255
1212.236367
1213.236480
1214.236592
1215.236705
1216.236817
1217.236930
1218.237042
1219.237155
1220.237267
1221.237380
1222.237492
1223.237605
1224.237717
1225.237830
1226.237942
1227.238055
1228.238167
1229.238280
1230.238392
1231.238505
1232.238617
1233.238730
1234.238842
1235.238955
1236.239067
1237.239180
1238.239292
1239.239405
1240.239517
1241.239630
1242.239742
1243.239855
1244.239967
1245.240080
1246.240193
1247.240305
1248.240418
1249.240530
1250.240643
1251.240755
1252.240868
1253.240980
1254.241093
1255.241205
1256.241318
1257.241430
1258.241543
1259.241655
1260.241768
1261.241880
1262.241993
1263.242105
1264.242218
1265.242330
1266.242443
1267.242555
1268.242668
1269.242780
1270.242893
1271.243005
1272.243118
1273.243230
1274.243343
1275.243455
1276.243568
1277.243680
1278.243793
1279.243905
1280.244018
1281.244131
1282.244243
1283.244356
1284.244468
1285.244581
1286.244693
1287.244806
1288.244918
1289.245031
1290.245143
1291.245256
1292.245368
1293.245481
1294.245593
1295.245706
1296.245818
1297.245931
1298.246043
1299.246156
1300.246268
1301.246381
1302.246493
1303.246606
1304.246718
1305.246831
1306.246943
1307.247056
1308.247168
1309.247281
1310.247393
1311.247506
1312.247618
1313.247731
1314.247843
1315.247956
1316.248069
1317.248181
1318.248294
1319.248406
1320.248519
1321.248631
1322.248744
1323.248856
1324.248969
1325.249081
1326.249194
1327.249306
1328.249419
1329.249531
1330.249644
1331.249756
1332.249869
1333.249981
1334.250094
1335.250206
1336.250319
1337.250431
1338.250544
1339.250656
1340.250769
1341.250881
1342.250994
1343.251106
1344.251219
1345.251331
1346.251444
1347.251556
1348.251669
1349.251781
1350.251894
1351.252007
1352.252119
1353.252232
1354.252344
1355.252457
1356.252569
1357.252682
1358.252794
1359.252907
1360.253019
1361.253132
1362.253244
1363.253357
1364.253469
1365.253582
1366.253694
1367.253807
1368.253919
1369.254032
1370.254144
1371.254257
1372.254369
1373.254482
1374.254594
1375.254707
1376.254819
1377.254932
1378.255044
1379.255157
1380.255269
1381.255382
1382.255494
1383.255607
1384.255719
1385.255832
1386.255944
1387.256057
1388.256170
1389.256282
1390.256395
1391.256507
1392.256620
1393.256732
1394.256845
1395.256957
1396.257070
1397.257182
1398.257295
1399.257407
1400.257520
1401.257632
1402.257745
1403.257857
1404.257970
1405.258082
1406.258195
1407.258307
1408.258420
1409.258532
1410.258645
1411.258757
1412.258870
1413.258982
1414.259095
1415.259207
1416.259320
1417.259432
1418.259545
1419.259657
1420.259770
1421.259882
1422.259995
1423.260108
1424.260220
1425.260333
1426.260445
1427.260558
1428.260670
1429.260783
1430.260895
1431.261008
1432.261120
1433.261233
1434.261345
1435.261458
1436.261570
1437.261683
1438.261795
1439.261908
1440.262020
1441.262133
1442.262245
1443.262358
1444.262470
1445.262583
1446.262695
1447.262808
1448.262920
1449.263033
1450.263145
1451.263258
1452.263370
1453.263483
1454.263595
1455.263708
1456.263820
1457.263933
1458.264046
1459.264158
1460.264271
1461.264383
1462.264496
1463.264608
1464.264721
1465.264833
1466.264946
1467.265058
1468.265171
1469.265283
1470.265396
1471.265508
1472.265621
1473.265733
1474.265846
1475.265958
1476.266071
1477.266183
1478.266296
1479.266408
1480.266521
1481.266633
1482.266746
1483.266858
1484.266971
1485.267083
1486.267196
1487.267308
1488.267421
1489.267533
1490.267646
1491.267758
1492.267871
1493.267983
1494.268096
1495.268209
1496.268321
1497.268434
1498.268546
1499.268659
1500.268771
1501.268884
1502.268996
1503.269109
1504.269221
1505.269334
1506.269446
1507.269559
1508.269671
1509.269784
1510.269896
1511.270009
1512.270121
1513.270234
1514.270346
1515.270459
1516.270571
1517.270684
1518.270796
1519.270909
1520.271021
1521.271134
1522.271246
1523.271359
1524.271471
1525.271584
1526.271696
1527.271809
1528.271921
1529.272034
1530.272147
1531.272259
1532.272372
1533.272484
1534.272597
1535.272709
1536.272822
1537.272934
1538.273047
1539.273159
1540.273272
1541.273384
1542.273497
1543.273609
1544.273722
1545.273834
1546.273947
1547.274059
1548.274172
1549.274284
1550.274397
1551.274509
1552.274622
1553.274734
1554.274847
1555.274959
1556.275072
1557.275184
1558.275297
1559.275409
1560.275522
1561.275634
1562.275747
1563.275859
1564.275972
1565.276085
1566.276197
1567.276310
1568.276422
1569.276535
1570.276647
1571.276760
1572.276872
1573.276985
1574.277097
1575.277210
1576.277322
1577.277435
1578.277547
1579.277660
1580.277772
1581.277885
1582.277997
1583.278110
1584.278222
1585.278335
1586.278447
1587.278560
1588.278672
1589.278785
1590.278897
1591.279010
1592.279122
1593.279235
1594.279347
1595.279460
1596.279572
1597.279685
1598.279797
1599.279910
1600.280023
1601.280135
1602.280248
1603.280360
1604.280473
1605.280585
1606.280698
1607.280810
1608.280923
1609.281035
1610.281148
1611.281260
1612.281373
1613.281485
1614.281598
1615.281710
1616.281823
1617.281935
1618.282048
1619.282160
1620.282273
1621.282385
1622.282498
1623.282610
1624.282723
1625.282835
1626.282948
1627.283060
1628.283173
1629.283285
1630.283398
1631.283510
1632.283623
1633.283735
1634.283848
1635.283960
1636.284073
1637.284186
1638.284298
1639.284411
1640.284523
1641.284636
1642.284748
1643.284861
1644.284973
1645.285086
1646.285198
1647.285311
1648.285423
1649.285536
1650.285648
1651.285761
1652.285873
1653.285986
1654.286098
1655.286211
1656.286323
1657.286436
1658.286548
1659.286661
1660.286773
1661.286886
1662.286998
1663.287111
1664.287223
1665.287336
1666.287448
1667.287561
1668.287673
1669.287786
1670.287898
1671.288011
1672.288124
1673.288236
1674.288349
1675.288461
1676.288574
1677.288686
1678.288799
1679.288911
1680.289024
1681.289136
1682.289249
1683.289361
1684.289474
1685.289586
1686.289699
1687.289811
1688.289924
1689.290036
1690.290149
1691.290261
1692.290374
1693.290486
1694.290599
1695.290711
1696.290824
1697.290936
1698.291049
1699.291161
1700.291274
1701.291386
1702.291499
1703.291611
1704.291724
1705.291836
1706.291949
1707.292062
1708.292174
1709.292287
1710.292399
1711.292512
1712.292624
1713.292737
1714.292849
1715.292962
1716.293074
1717.293187
1718.293299
1719.293412
1720.293524
1721.293637
1722.293749
1723.293862
1724.293974
1725.294087
1726.294199
1727.294312
1728.294424
1729.294537
1730.294649
1731.294762
1732.294874
1733.294987
1734.295099
1735.295212
1736.295324
1737.295437
1738.295549
1739.295662
1740.295774
1741.295887
1742.295999
1743.296112
1744.296225
1745.296337
1746.296450
1747.296562
1748.296675
1749.296787
1750.296900
1751.297012
1752.297125
1753.297237
1754.297350
1755.297462
1756.297575
1757.297687
1758.297800
1759.297912
1760.298025
1761.298137
1762.298250
1763.298362
1764.298475
1765.298587
1766.298700
1767.298812
1768.298925
1769.299037
1770.299150
1771.299262
1772.299375
1773.299487
1774.299600
1775.299712
1776.299825
1777.299937
1778.300050
1779.300163
1780.300275
1781.300388
1782.300500
1783.300613
1784.300725
1785.300838
1786.300950
1787.301063
1788.301175
1789.301288
1790.301400
1791.301513
1792.301625
1793.301738
1794.301850
1795.301963
1796.302075
1797.302188
1798.302300
1799.302413
1800.302525
1801.302638
1802.302750
1803.302863
1804.302975
1805.303088
1806.303200
1807.303313
1808.303425
1809.303538
1810.303650
1811.303763
1812.303875
1813.303988
1814.304101
1815.304213
1816.304326
1817.304438
1818.304551
1819.304663
1820.304776
1821.304888
1822.305001
1823.305113
1824.305226
1825.305338
1826.305451
1827.305563
1828.305676
1829.305788
1830.305901
1831.306013
1832.306126
1833.306238
1834.306351
1835.306463
1836.306576
1837.306688
1838.306801
1839.306913
1840.307026
1841.307138
1842.307251
1843.307363
1844.307476
1845.307588
1846.307701
1847.307813
1848.307926
1849.308039
1850.308151
1851.308264
1852.308376
1853.308489
1854.308601
1855.308714
1856.308826
1857.308939
1858.309051
1859.309164
1860.309276
1861.309389
1862.309501
1863.309614
1864.309726
1865.309839
1866.309951
1867.310064
1868.310176
1869.310289
1870.310401
1871.310514
1872.310626
1873.310739
1874.310851
1875.310964
1876.311076
1877.311189
1878.311301
1879.311414
1880.311526
1881.311639
1882.311751
1883.311864
1884.311976
1885.312089
1886.312202
1887.312314
1888.312427
1889.312539
1890.312652
1891.312764
1892.312877
1893.312989
1894.313102
1895.313214
1896.313327
1897.313439
1898.313552
1899.313664
1900.313777
1901.313889
1902.314002
1903.314114
1904.314227
1905.314339
1906.314452
1907.314564
1908.314677
1909.314789
1910.314902
1911.315014
1912.315127
1913.315239
1914.315352
1915.315464
1916.315577
1917.315689
1918.315802
1919.315914
1920.316027
1921.316140
1922.316252
1923.316365
1924.316477
1925.316590
1926.316702
1927.316815
1928.316927
1929.317040
1930.317152
1931.317265
1932.317377
1933.317490
1934.317602
1935.317715
1936.317827
1937.317940
1938.318052
1939.318165
1940.318277
1941.318390
1942.318502
1943.318615
1944.318727
1945.318840
1946.318952
1947.319065
1948.319177
1949.319290
1950.319402
1951.319515
1952.319627
1953.319740
1954.319852
1955.319965
1956.320078
1957.320190
1958.320303
1959.320415
1960.320528
1961.320640
1962.320753
1963.320865
1964.320978
1965.321090
1966.321203
1967.321315
1968.321428
1969.321540
1970.321653
1971.321765
1972.321878
1973.321990
1974.322103
1975.322215
1976.322328
1977.322440
1978.322553
1979.322665
1980.322778
1981.322890
1982.323003
1983.323115
1984.323228
1985.323340
1986.323453
1987.323565
1988.323678
1989.323790
1990.323903
1991.324016
1992.324128
1993.324241
1994.324353
1995.324466
1996.324578
1997.324691
1998.324803
1999.324916
2000.325028
2001.325141
2002.325253
2003.325366
2004.325478
2005.325591
2006.325703
2007.325816
2008.325928
2009.326041
2010.326153
2011.326266
2012.326378
2013.326491
2014.326603
2015.326716
2016.326828
2017.326941
2018.327053
2019.327166
2020.327278
2021.327391
2022.327503
2023.327616
2024.327728
2025.327841
2026.327953
2027.328066
2028.328179
2029.328291
2030.328404
2031.328516
2032.328629
2033.328741
2034.328854
2035.328966
2036.329079
2037.329191
2038.329304
2039.329416
2040.329529
2041.329641
2042.329754
2043.329866
2044.329979
2045.330091
2046.330204
2047.330316
2048.330429
2049.330541
2050.330654
2051.330766
2052.330879
2053.330991
2054.331104
2055.331216
2056.331329
2057.331441
2058.331554
2059.331666
2060.331779
2061.331891
2062.332004
2063.332117
2064.332229
2065.332342
2066.332454
2067.332567
2068.332679
2069.332792
2070.332904
2071.333017
2072.333129
2073.333242
2074.333354
2075.333467
2076.333579
2077.333692
2078.333804
2079.333917
2080.334029
2081.334142
2082.334254
2083.334367
2084.334479
2085.334592
2086.334704
2087.334817
2088.334929
2089.335042
2090.335154
2091.335267
2092.335379
2093.335492
2094.335604
2095.335717
2096.335829
2097.335942
2098.336055
2099.336167
2100.336280
2101.336392
2102.336505
2103.336617
2104.336730
2105.336842
2106.336955
2107.337067
2108.337180
2109.337292
2110.337405
2111.337517
2112.337630
2113.337742
2114.337855
2115.337967
2116.338080
2117.338192
2118.338305
2119.338417
2120.338530
2121.338642
2122.338755
2123.338867
2124.338980
2125.339092
2126.339205
2127.339317
2128.339430
2129.339542
2130.339655
2131.339767
2132.339880
2133.339992
2134.340105
2135.340218
2136.340330
2137.340443
2138.340555
2139.340668
2140.340780
2141.340893
2142.341005
2143.341118
2144.341230
2145.341343
2146.341455
2147.341568
2148.341680
2149.341793
2150.341905
2151.342018
2152.342130
2153.342243
2154.342355
2155.342468
2156.342580
2157.342693
2158.342805
2159.342918
2160.343030
2161.343143
2162.343255
2163.343368
2164.343480
2165.343593
2166.343705
2167.343818
2168.343930
2169.344043
2170.344156
2171.344268
2172.344381
2173.344493
2174.344606
2175.344718
2176.344831
2177.344943
2178.345056
2179.345168
2180.345281
2181.345393
2182.345506
2183.345618
2184.345731
2185.345843
2186.345956
2187.346068
2188.346181
2189.346293
2190.346406
2191.346518
2192.346631
2193.346743
2194.346856
2195.346968
2196.347081
2197.347193
2198.347306
2199.347418
2200.347531
2201.347643
2202.347756
2203.347868
2204.347981
2205.348094
2206.348206
2207.348319
2208.348431
2209.348544
2210.348656
2211.348769
2212.348881
2213.348994
2214.349106
2215.349219
2216.349331
2217.349444
2218.349556
2219.349669
2220.349781
2221.349894
2222.350006
2223.350119
2224.350231
2225.350344
2226.350456
2227.350569
2228.350681
2229.350794
2230.350906
2231.351019
2232.351131
2233.351244
2234.351356
2235.351469
2236.351581
2237.351694
2238.351806
2239.351919
2240.352032
2241.352144
2242.352257
2243.352369
2244.352482
2245.352594
2246.352707
2247.352819
2248.352932
2249.353044
2250.353157
2251.353269
2252.353382
2253.353494
2254.353607
2255.353719
2256.353832
2257.353944
2258.354057
2259.354169
2260.354282
2261.354394
2262.354507
2263.354619
2264.354732
2265.354844
2266.354957
2267.355069
2268.355182
2269.355294
2270.355407
2271.355519
2272.355632
2273.355744
2274.355857
2275.355969
2276.356082
2277.356195
2278.356307
2279.356420
2280.356532
2281.356645
2282.356757
2283.356870
2284.356982
2285.357095
2286.357207
2287.357320
2288.357432
2289.357545
2290.357657
2291.357770
2292.357882
2293.357995
2294.358107
2295.358220
2296.358332
2297.358445
2298.358557
2299.358670
2300.358782
2301.358895
2302.359007
2303.359120
2304.359232
2305.359345
2306.359457
2307.359570
2308.359682
2309.359795
2310.359907
2311.360020
2312.360133
2313.360245
2314.360358
2315.360470
2316.360583
2317.360695
2318.360808
2319.360920
2320.361033
2321.361145
2322.361258
2323.361370
2324.361483
2325.361595
2326.361708
2327.361820
2328.361933
2329.362045
2330.362158
2331.362270
2332.362383
2333.362495
2334.362608
2335.362720
2336.362833
2337.362945
2338.363058
2339.363170
2340.363283
2341.363395
2342.363508
2343.363620
2344.363733
2345.363845
2346.363958
2347.364071
2348.364183
2349.364296
2350.364408
2351.364521
2352.364633
2353.364746
2354.364858
2355.364971
2356.365083
2357.365196
2358.365308
2359.365421
2360.365533
2361.365646
2362.365758
2363.365871
2364.365983
2365.366096
2366.366208
2367.366321
2368.366433
2369.366546
2370.366658
2371.366771
2372.366883
2373.366996
2374.367108
2375.367221
2376.367333
2377.367446
2378.367558
2379.367671
2380.367783
2381.367896
2382.368009
2383.368121
2384.368234
2385.368346
2386.368459
2387.368571
2388.368684
2389.368796
2390.368909
2391.369021
2392.369134
2393.369246
2394.369359
2395.369471
2396.369584
2397.369696
2398.369809
2399.369921
2400.370034
2401.370146
2402.370259
2403.370371
2404.370484
2405.370596
2406.370709
2407.370821
2408.370934
2409.371046
2410.371159
2411.371271
2412.371384
2413.371496
2414.371609
2415.371721
2416.371834
2417.371946
2418.372059
2419.372172
2420.372284
2421.372397
2422.372509
2423.372622
2424.372734
2425.372847
2426.372959
2427.373072
2428.373184
2429.373297
2430.373409
2431.373522
2432.373634
2433.373747
2434.373859
2435.373972
2436.374084
2437.374197
2438.374309
2439.374422
2440.374534
2441.374647
2442.374759
2443.374872
2444.374984
2445.375097
2446.375209
2447.375322
2448.375434
2449.375547
2450.375659
2451.375772
2452.375884
2453.375997
2454.376110
2455.376222
2456.376335
2457.376447
2458.376560
2459.376672
2460.376785
2461.376897
2462.377010
2463.377122
2464.377235
2465.377347
2466.377460
2467.377572
2468.377685
2469.377797
2470.377910
2471.378022
2472.378135
2473.378247
2474.378360
2475.378472
2476.378585
2477.378697
2478.378810
2479.378922
2480.379035
2481.379147
2482.379260
2483.379372
2484.379485
2485.379597
2486.379710
2487.379822
2488.379935
2489.380048
2490.380160
2491.380273
2492.380385
2493.380498
2494.380610
2495.380723
2496.380835
2497.380948
2498.381060
2499.381173
2500.381285
2501.381398
2502.381510
2503.381623
2504.381735
2505.381848
2506.381960
2507.382073
2508.382185
2509.382298
2510.382410
2511.382523
2512.382635
2513.382748
2514.382860
2515.382973
2516.383085
2517.383198
2518.383310
2519.383423
2520.383535
2521.383648
2522.383760
2523.383873
2524.383985
2525.384098
2526.384211
2527.384323
2528.384436
2529.384548
2530.384661
2531.384773
2532.384886
2533.384998
2534.385111
2535.385223
2536.385336
2537.385448
2538.385561
2539.385673
2540.385786
2541.385898
2542.386011
2543.386123
2544.386236
2545.386348
2546.386461
2547.386573
2548.386686
2549.386798
2550.386911
2551.387023
2552.387136
2553.387248
2554.387361
2555.387473
2556.387586
2557.387698
2558.387811
2559.387923
2560.388036
2561.388149
2562.388261
2563.388374
2564.388486
2565.388599
2566.388711
2567.388824
2568.388936
2569.389049
2570.389161
2571.389274
2572.389386
2573.389499
2574.389611
2575.389724
2576.389836
2577.389949
2578.390061
2579.390174
2580.390286
2581.390399
2582.390511
2583.390624
2584.390736
2585.390849
2586.390961
2587.391074
2588.391186
2589.391299
2590.391411
2591.391524
2592.391636
2593.391749
2594.391861
2595.391974
2596.392087
2597.392199
2598.392312
2599.392424
2600.392537
2601.392649
2602.392762
2603.392874
2604.392987
2605.393099
2606.393212
2607.393324
2608.393437
2609.393549
2610.393662
2611.393774
2612.393887
2613.393999
2614.394112
2615.394224
2616.394337
2617.394449
2618.394562
2619.394674
2620.394787
2621.394899
2622.395012
2623.395124
2624.395237
2625.395349
2626.395462
2627.395574
2628.395687
2629.395799
2630.395912
2631.396025
2632.396137
2633.396250
2634.396362
2635.396475
2636.396587
2637.396700
2638.396812
2639.396925
2640.397037
2641.397150
2642.397262
2643.397375
2644.397487
2645.397600
2646.397712
2647.397825
2648.397937
2649.398050
2650.398162
2651.398275
2652.398387
2653.398500
2654.398612
2655.398725
2656.398837
2657.398950
2658.399062
2659.399175
2660.399287
2661.399400
2662.399512
2663.399625
2664.399737
2665.399850
2666.399962
2667.400075
2668.400188
2669.400300
2670.400413
2671.400525
2672.400638
2673.400750
2674.400863
2675.400975
2676.401088
2677.401200
2678.401313
2679.401425
2680.401538
2681.401650
2682.401763
2683.401875
2684.401988
2685.402100
2686.402213
2687.402325
2688.402438
2689.402550
2690.402663
2691.402775
2692.402888
2693.403000
2694.403113
2695.403225
2696.403338
2697.403450
2698.403563
2699.403675
2700.403788
2701.403900
2702.404013
2703.404126
2704.404238
2705.404351
2706.404463
2707.404576
2708.404688
2709.404801
2710.404913
2711.405026
2712.405138
2713.405251
2714.405363
2715.405476
2716.405588
2717.405701
2718.405813
2719.405926
2720.406038
2721.406151
2722.406263
2723.406376
2724.406488
2725.406601
2726.406713
2727.406826
2728.406938
2729.407051
2730.407163
2731.407276
2732.407388
2733.407501
2734.407613
2735.407726
2736.407838
2737.407951
2738.408064
2739.408176
2740.408289
2741.408401
2742.408514
2743.408626
2744.408739
2745.408851
2746.408964
2747.409076
2748.409189
2749.409301
2750.409414
2751.409526
2752.409639
2753.409751
2754.409864
2755.409976
2756.410089
2757.410201
2758.410314
2759.410426
2760.410539
2761.410651
2762.410764
2763.410876
2764.410989
2765.411101
2766.411214
2767.411326
2768.411439
2769.411551
2770.411664
2771.411776
2772.411889
2773.412002
2774.412114
2775.412227
2776.412339
2777.412452
2778.412564
2779.412677
2780.412789
2781.412902
2782.413014
2783.413127
2784.413239
2785.413352
2786.413464
2787.413577
2788.413689
2789.413802
2790.413914
2791.414027
2792.414139
2793.414252
2794.414364
2795.414477
2796.414589
2797.414702
2798.414814
2799.414927
2800.415039
2801.415152
2802.415264
2803.415377
2804.415489
2805.415602
2806.415714
2807.415827
2808.415939
2809.416052
2810.416165
2811.416277
2812.416390
2813.416502
2814.416615
2815.416727
2816.416840
2817.416952
2818.417065
2819.417177
2820.417290
2821.417402
2822.417515
2823.417627
2824.417740
2825.417852
2826.417965
2827.418077
2828.418190
2829.418302
2830.418415
2831.418527
2832.418640
2833.418752
2834.418865
2835.418977
2836.419090
2837.419202
2838.419315
2839.419427
2840.419540
2841.419652
2842.419765
2843.419877
2844.419990
2845.420103
2846.420215
2847.420328
2848.420440
2849.420553
2850.420665
2851.420778
2852.420890
2853.421003
2854.421115
2855.421228
2856.421340
2857.421453
2858.421565
2859.421678
2860.421790
2861.421903
2862.422015
2863.422128
2864.422240
2865.422353
2866.422465
2867.422578
2868.422690
2869.422803
2870.422915
2871.423028
2872.423140
2873.423253
2874.423365
2875.423478
2876.423590
2877.423703
2878.423815
2879.423928
2880.424041
2881.424153
2882.424266
2883.424378
2884.424491
2885.424603
2886.424716
2887.424828
2888.424941
2889.425053
2890.425166
2891.425278
2892.425391
2893.425503
2894.425616
2895.425728
2896.425841
2897.425953
2898.426066
2899.426178
2900.426291
2901.426403
2902.426516
2903.426628
2904.426741
2905.426853
2906.426966
2907.427078
2908.427191
2909.427303
2910.427416
2911.427528
2912.427641
2913.427753
2914.427866
2915.427978
2916.428091
2917.428204
2918.428316
2919.428429
2920.428541
2921.428654
2922.428766
2923.428879
2924.428991
2925.429104
2926.429216
2927.429329
2928.429441
2929.429554
2930.429666
2931.429779
2932.429891
2933.430004
2934.430116
2935.430229
2936.430341
2937.430454
2938.430566
2939.430679
2940.430791
2941.430904
2942.431016
2943.431129
2944.431241
2945.431354
2946.431466
2947.431579
2948.431691
2949.431804
2950.431916
2951.432029
2952.432142
2953.432254
2954.432367
2955.432479
2956.432592
2957.432704
2958.432817
2959.432929
2960.433042
2961.433154
2962.433267
2963.433379
2964.433492
2965.433604
2966.433717
2967.433829
2968.433942
2969.434054
2970.434167
2971.434279
2972.434392
2973.434504
2974.434617
2975.434729
2976.434842
2977.434954
2978.435067
2979.435179
2980.435292
2981.435404
2982.435517
2983.435629
2984.435742
2985.435854
2986.435967
2987.436080
2988.436192
2989.436305
2990.436417
2991.436530
2992.436642
2993.436755
2994.436867
2995.436980
2996.437092
2997.437205
2998.437317
2999.437430
3000.437542
3001.437655
3002.437767
3003.437880
3004.437992
3005.438105
3006.438217
3007.438330
3008.438442
3009.438555
3010.438667
3011.438780
3012.438892
3013.439005
3014.439117
3015.439230
3016.439342
3017.439455
3018.439567
3019.439680
3020.439792
3021.439905
3022.440018
3023.440130
3024.440243
3025.440355
3026.440468
3027.440580
3028.440693
3029.440805
3030.440918
3031.441030
3032.441143
3033.441255
3034.441368
3035.441480
3036.441593
3037.441705
3038.441818
3039.441930
3040.442043
3041.442155
3042.442268
3043.442380
3044.442493
3045.442605
3046.442718
3047.442830
3048.442943
3049.443055
3050.443168
3051.443280
3052.443393
3053.443505
3054.443618
3055.443730
3056.443843
3057.443955
3058.444068
3059.444181
3060.444293
3061.444406
3062.444518
3063.444631
3064.444743
3065.444856
3066.444968
3067.445081
3068.445193
3069.445306
3070.445418
3071.445531
3072.445643
3073.445756
3074.445868
3075.445981
3076.446093
3077.446206
3078.446318
3079.446431
3080.446543
3081.446656
3082.446768
3083.446881
3084.446993
3085.447106
3086.447218
3087.447331
3088.447443
3089.447556
3090.447668
3091.447781
3092.447893
3093.448006
3094.448119
3095.448231
3096.448344
3097.448456
3098.448569
3099.448681
3100.448794
3101.448906
3102.449019
3103.449131
3104.449244
3105.449356
3106.449469
3107.449581
3108.449694
3109.449806
3110.449919
3111.450031
3112.450144
3113.450256
3114.450369
3115.450481
3116.450594
3117.450706
3118.450819
3119.450931
3120.451044
3121.451156
3122.451269
3123.451381
3124.451494
3125.451606
3126.451719
3127.451831
3128.451944
3129.452057
3130.452169
3131.452282
3132.452394
3133.452507
3134.452619
3135.452732
3136.452844
3137.452957
3138.453069
3139.453182
3140.453294
3141.453407
3142.453519
3143.453632
3144.453744
3145.453857
3146.453969
3147.454082
3148.454194
3149.454307
3150.454419
3151.454532
3152.454644
3153.454757
3154.454869
3155.454982
3156.455094
3157.455207
3158.455319
3159.455432
3160.455544
3161.455657
3162.455769
3163.455882
3164.455994
3165.456107
3166.456220
3167.456332
3168.456445
3169.456557
3170.456670
3171.456782
3172.456895
3173.457007
3174.457120
3175.457232
3176.457345
3177.457457
3178.457570
3179.457682
3180.457795
3181.457907
3182.458020
3183.458132
3184.458245
3185.458357
3186.458470
3187.458582
3188.458695
3189.458807
3190.458920
3191.459032
3192.459145
3193.459257
3194.459370
3195.459482
3196.459595
3197.459707
3198.459820
3199.459932
3200.460045
3201.460158
3202.460270
3203.460383
3204.460495
3205.460608
3206.460720
3207.460833
3208.460945
3209.461058
3210.461170
3211.461283
3212.461395
3213.461508
3214.461620
3215.461733
3216.461845
3217.461958
3218.462070
3219.462183
3220.462295
3221.462408
3222.462520
3223.462633
3224.462745
3225.462858
3226.462970
3227.463083
3228.463195
3229.463308
3230.463420
3231.463533
3232.463645
3233.463758
3234.463870
3235.463983
3236.464096
3237.464208
3238.464321
3239.464433
3240.464546
3241.464658
3242.464771
3243.464883
3244.464996
3245.465108
3246.465221
3247.465333
3248.465446
3249.465558
3250.465671
3251.465783
3252.465896
3253.466008
3254.466121
3255.466233
3256.466346
3257.466458
3258.466571
3259.466683
3260.466796
3261.466908
3262.467021
3263.467133
3264.467246
3265.467358
3266.467471
3267.467583
3268.467696
3269.467808
3270.467921
3271.468034
3272.468146
3273.468259
3274.468371
3275.468484
3276.468596
3277.468709
3278.468821
3279.468934
3280.469046
3281.469159
3282.469271
3283.469384
3284.469496
3285.469609
3286.469721
3287.469834
3288.469946
3289.470059
3290.470171
3291.470284
3292.470396
3293.470509
3294.470621
3295.470734
3296.470846
3297.470959
3298.471071
3299.471184
3300.471296
3301.471409
3302.471521
3303.471634
3304.471746
3305.471859
3306.471971
3307.472084
3308.472197
3309.472309
3310.472422
3311.472534
3312.472647
3313.472759
3314.472872
3315.472984
3316.473097
3317.473209
3318.473322
3319.473434
3320.473547
3321.473659
3322.473772
3323.473884
3324.473997
3325.474109
3326.474222
3327.474334
3328.474447
3329.474559
3330.474672
3331.474784
3332.474897
3333.475009
3334.475122
3335.475234
3336.475347
3337.475459
3338.475572
3339.475684
3340.475797
3341.475909
3342.476022
3343.476135
3344.476247
3345.476360
3346.476472
3347.476585
3348.476697
3349.476810
3350.476922
3351.477035
3352.477147
3353.477260
3354.477372
3355.477485
3356.477597
3357.477710
3358.477822
3359.477935
3360.478047
3361.478160
3362.478272
3363.478385
3364.478497
3365.478610
3366.478722
3367.478835
3368.478947
3369.479060
3370.479172
3371.479285
3372.479397
3373.479510
3374.479622
3375.479735
3376.479847
3377.479960
3378.480073
3379.480185
3380.480298
3381.480410
3382.480523
3383.480635
3384.480748
3385.480860
3386.480973
3387.481085
3388.481198
3389.481310
3390.481423
3391.481535
3392.481648
3393.481760
3394.481873
3395.481985
3396.482098
3397.482210
3398.482323
3399.482435
3400.482548
3401.482660
3402.482773
3403.482885
3404.482998
3405.483110
3406.483223
3407.483335
3408.483448
3409.483560
3410.483673
3411.483785
3412.483898
3413.484011
3414.484123
3415.484236
3416.484348
3417.484461
3418.484573
3419.484686
3420.484798
3421.484911
3422.485023
3423.485136
3424.485248
3425.485361
3426.485473
3427.485586
3428.485698
3429.485811
3430.485923
3431.486036
3432.486148
3433.486261
3434.486373
3435.486486
3436.486598
3437.486711
3438.486823
3439.486936
3440.487048
3441.487161
3442.487273
3443.487386
3444.487498
3445.487611
3446.487723
3447.487836
3448.487948
3449.488061
3450.488174
3451.488286
3452.488399
3453.488511
3454.488624
3455.488736
3456.488849
3457.488961
3458.489074
3459.489186
3460.489299
3461.489411
3462.489524
3463.489636
3464.489749
3465.489861
3466.489974
3467.490086
3468.490199
3469.490311
3470.490424
3471.490536
3472.490649
3473.490761
3474.490874
3475.490986
3476.491099
3477.491211
3478.491324
3479.491436
3480.491549
3481.491661
3482.491774
3483.491886
3484.491999
3485.492112
3486.492224
3487.492337
3488.492449
3489.492562
3490.492674
3491.492787
3492.492899
3493.493012
3494.493124
3495.493237
3496.493349
3497.493462
3498.493574
3499.493687
3500.493799
3501.493912
3502.494024
3503.494137
3504.494249
3505.494362
3506.494474
3507.494587
3508.494699
3509.494812
3510.494924
3511.495037
3512.495149
3513.495262
3514.495374
3515.495487
3516.495599
3517.495712
3518.495824
3519.495937
3520.496050
3521.496162
3522.496275
3523.496387
3524.496500
3525.496612
3526.496725
3527.496837
3528.496950
3529.497062
3530.497175
3531.497287
3532.497400
3533.497512
3534.497625
3535.497737
3536.497850
3537.497962
3538.498075
3539.498187
3540.498300
3541.498412
3542.498525
3543.498637
3544.498750
3545.498862
3546.498975
3547.499087
3548.499200
3549.499312
3550.499425
3551.499537
3552.499650
3553.499762
3554.499875
3555.499987
3556.500100
3557.500213
3558.500325
3559.500438
3560.500550
3561.500663
3562.500775
3563.500888
3564.501000
3565.501113
3566.501225
3567.501338
3568.501450
3569.501563
3570.501675
3571.501788
3572.501900
3573.502013
3574.502125
3575.502238
3576.502350
3577.502463
3578.502575
3579.502688
3580.502800
3581.502913
3582.503025
3583.503138
3584.503250
3585.503363
3586.503475
3587.503588
3588.503700
3589.503813
3590.503925
3591.504038
3592.504151
3593.504263
3594.504376
3595.504488
3596.504601
3597.504713
3598.504826
3599.504938
3600.505051
3601.505163
3602.505276
3603.505388
3604.505501
3605.505613
3606.505726
3607.505838
3608.505951
3609.506063
3610.506176
3611.506288
3612.506401
3613.506513
3614.506626
3615.506738
3616.506851
3617.506963
3618.507076
3619.507188
3620.507301
3621.507413
3622.507526
3623.507638
3624.507751
3625.507863
3626.507976
3627.508089
3628.508201
3629.508314
3630.508426
3631.508539
3632.508651
3633.508764
3634.508876
3635.508989
3636.509101
3637.509214
3638.509326
3639.509439
3640.509551
3641.509664
3642.509776
3643.509889
3644.510001
3645.510114
3646.510226
3647.510339
3648.510451
3649.510564
3650.510676
3651.510789
3652.510901
3653.511014
3654.511126
3655.511239
3656.511351
3657.511464
3658.511576
3659.511689
3660.511801
3661.511914
3662.512027
3663.512139
3664.512252
3665.512364
3666.512477
3667.512589
3668.512702
3669.512814
3670.512927
3671.513039
3672.513152
3673.513264
3674.513377
3675.513489
3676.513602
3677.513714
3678.513827
3679.513939
3680.514052
3681.514164
3682.514277
3683.514389
3684.514502
3685.514614
3686.514727
3687.514839
3688.514952
3689.515064
3690.515177
3691.515289
3692.515402
3693.515514
3694.515627
3695.515739
3696.515852
3697.515964
3698.516077
3699.516190
3700.516302
3701.516415
3702.516527
3703.516640
3704.516752
3705.516865
3706.516977
3707.517090
3708.517202
3709.517315
3710.517427
3711.517540
3712.517652
3713.517765
3714.517877
3715.517990
3716.518102
3717.518215
3718.518327
3719.518440
3720.518552
3721.518665
3722.518777
3723.518890
3724.519002
3725.519115
3726.519227
3727.519340
3728.519452
3729.519565
3730.519677
3731.519790
3732.519902
3733.520015
3734.520128
3735.520240
3736.520353
3737.520465
3738.520578
3739.520690
3740.520803
3741.520915
3742.521028
3743.521140
3744.521253
3745.521365
3746.521478
3747.521590
3748.521703
3749.521815
3750.521928
3751.522040
3752.522153
3753.522265
3754.522378
3755.522490
3756.522603
3757.522715
3758.522828
3759.522940
3760.523053
3761.523165
3762.523278
3763.523390
3764.523503
3765.523615
3766.523728
3767.523840
3768.523953
3769.524066
3770.524178
3771.524291
3772.524403
3773.524516
3774.524628
3775.524741
3776.524853
3777.524966
3778.525078
3779.525191
3780.525303
3781.525416
3782.525528
3783.525641
3784.525753
3785.525866
3786.525978
3787.526091
3788.526203
3789.526316
3790.526428
3791.526541
3792.526653
3793.526766
3794.526878
3795.526991
3796.527103
3797.527216
3798.527328
3799.527441
3800.527553
3801.527666
3802.527778
3803.527891
3804.528004
3805.528116
3806.528229
3807.528341
3808.528454
3809.528566
3810.528679
3811.528791
3812.528904
3813.529016
3814.529129
3815.529241
3816.529354
3817.529466
3818.529579
3819.529691
3820.529804
3821.529916
3822.530029
3823.530141
3824.530254
3825.530366
3826.530479
3827.530591
3828.530704
3829.530816
3830.530929
3831.531041
3832.531154
3833.531266
3834.531379
3835.531491
3836.531604
3837.531716
3838.531829
3839.531941
3840.532054
3841.532167
3842.532279
3843.532392
3844.532504
3845.532617
3846.532729
3847.532842
3848.532954
3849.533067
3850.533179
3851.533292
3852.533404
3853.533517
3854.533629
3855.533742
3856.533854
3857.533967
3858.534079
3859.534192
3860.534304
3861.534417
3862.534529
3863.534642
3864.534754
3865.534867
3866.534979
3867.535092
3868.535204
3869.535317
3870.535429
3871.535542
3872.535654
3873.535767
3874.535879
3875.535992
3876.536105
3877.536217
3878.536330
3879.536442
3880.536555
3881.536667
3882.536780
3883.536892
3884.537005
3885.537117
3886.537230
3887.537342
3888.537455
3889.537567
3890.537680
3891.537792
3892.537905
3893.538017
3894.538130
3895.538242
3896.538355
3897.538467
3898.538580
3899.538692
3900.538805
3901.538917
3902.539030
3903.539142
3904.539255
3905.539367
3906.539480
3907.539592
3908.539705
3909.539817
3910.539930
3911.540043
3912.540155
3913.540268
3914.540380
3915.540493
3916.540605
3917.540718
3918.540830
3919.540943
3920.541055
3921.541168
3922.541280
3923.541393
3924.541505
3925.541618
3926.541730
3927.541843
3928.541955
3929.542068
3930.542180
3931.542293
3932.542405
3933.542518
3934.542630
3935.542743
3936.542855
3937.542968
3938.543080
3939.543193
3940.543305
3941.543418
3942.543530
3943.543643
3944.543755
3945.543868
3946.543980
3947.544093
3948.544206
3949.544318
3950.544431
3951.544543
3952.544656
3953.544768
3954.544881
3955.544993
3956.545106
3957.545218
3958.545331
3959.545443
3960.545556
3961.545668
3962.545781
3963.545893
3964.546006
3965.546118
3966.546231
3967.546343
3968.546456
3969.546568
3970.546681
3971.546793
3972.546906
3973.547018
3974.547131
3975.547243
3976.547356
3977.547468
3978.547581
3979.547693
3980.547806
3981.547918
3982.548031
3983.548144
3984.548256
3985.548369
3986.548481
3987.548594
3988.548706
3989.548819
3990.548931
3991.549044
3992.549156
3993.549269
3994.549381
3995.549494
3996.549606
3997.549719
3998.549831
3999.549944
4000.550056
4001.550169
4002.550281
4003.550394
4004.550506
4005.550619
4006.550731
4007.550844
4008.550956
4009.551069
4010.551181
4011.551294
4012.551406
4013.551519
4014.551631
4015.551744
4016.551856
4017.551969
4018.552082
4019.552194
4020.552307
4021.552419
4022.552532
4023.552644
4024.552757
4025.552869
4026.552982
4027.553094
4028.553207
4029.553319
4030.553432
4031.553544
4032.553657
4033.553769
4034.553882
4035.553994
4036.554107
4037.554219
4038.554332
4039.554444
4040.554557
4041.554669
4042.554782
4043.554894
4044.555007
4045.555119
4046.555232
4047.555344
4048.555457
4049.555569
4050.555682
4051.555794
4052.555907
4053.556020
4054.556132
4055.556245
4056.556357
4057.556470
4058.556582
4059.556695
4060.556807
4061.556920
4062.557032
4063.557145
4064.557257
4065.557370
4066.557482
4067.557595
4068.557707
4069.557820
4070.557932
4071.558045
4072.558157
4073.558270
4074.558382
4075.558495
4076.558607
4077.558720
4078.558832
4079.558945
4080.559057
4081.559170
4082.559282
4083.559395
4084.559507
4085.559620
4086.559732
4087.559845
4088.559957
4089.560070
4090.560183
4091.560295
4092.560408
4093.560520
4094.560633
4095.560745
4096.560858
4097.560970
4098.561083
4099.561195
4100.561308
4101.561420
4102.561533
4103.561645
4104.561758
4105.561870
4106.561983
4107.562095
4108.562208
4109.562320
4110.562433
4111.562545
4112.562658
4113.562770
4114.562883
4115.562995
4116.563108
4117.563220
4118.563333
4119.563445
4120.563558
4121.563670
4122.563783
4123.563895
4124.564008
4125.564121
4126.564233
4127.564346
4128.564458
4129.564571
4130.564683
4131.564796
4132.564908
4133.565021
4134.565133
4135.565246
4136.565358
4137.565471
4138.565583
4139.565696
4140.565808
4141.565921
4142.566033
4143.566146
4144.566258
4145.566371
4146.566483
4147.566596
4148.566708
4149.566821
4150.566933
4151.567046
4152.567158
4153.567271
4154.567383
4155.567496
4156.567608
4157.567721
4158.567833
4159.567946
4160.568059
4161.568171
4162.568284
4163.568396
4164.568509
4165.568621
4166.568734
4167.568846
4168.568959
4169.569071
4170.569184
4171.569296
4172.569409
4173.569521
4174.569634
4175.569746
4176.569859
4177.569971
4178.570084
4179.570196
4180.570309
4181.570421
4182.570534
4183.570646
4184.570759
4185.570871
4186.570984
4187.571096
4188.571209
4189.571321
4190.571434
4191.571546
4192.571659
4193.571771
4194.571884
4195.571996
4196.572109
4197.572222
4198.572334
4199.572447
4200.572559
4201.572672
4202.572784
4203.572897
4204.573009
4205.573122
4206.573234
4207.573347
4208.573459
4209.573572
4210.573684
4211.573797
4212.573909
4213.574022
4214.574134
4215.574247
4216.574359
4217.574472
4218.574584
4219.574697
4220.574809
4221.574922
4222.575034
4223.575147
4224.575259
4225.575372
4226.575484
4227.575597
4228.575709
4229.575822
4230.575934
4231.576047
4232.576160
4233.576272
4234.576385
4235.576497
4236.576610
4237.576722
4238.576835
4239.576947
4240.577060
4241.577172
4242.577285
4243.577397
4244.577510
4245.577622
4246.577735
4247.577847
4248.577960
4249.578072
4250.578185
4251.578297
4252.578410
4253.578522
4254.578635
4255.578747
4256.578860
4257.578972
4258.579085
4259.579197
4260.579310
4261.579422
4262.579535
4263.579647
4264.579760
4265.579872
4266.579985
4267.580098
4268.580210
4269.580323
4270.580435
4271.580548
4272.580660
4273.580773
4274.580885
4275.580998
4276.581110
4277.581223
4278.581335
4279.581448
4280.581560
4281.581673
4282.581785
4283.581898
4284.582010
4285.582123
4286.582235
4287.582348
4288.582460
4289.582573
4290.582685
4291.582798
4292.582910
4293.583023
4294.583135
4295.583248
4296.583360
4297.583473
4298.583585
4299.583698
4300.583810
4301.583923
4302.584036
4303.584148
4304.584261
4305.584373
4306.584486
4307.584598
4308.584711
4309.584823
4310.584936
4311.585048
4312.585161
4313.585273
4314.585386
4315.585498
4316.585611
4317.585723
4318.585836
4319.585948
4320.586061
4321.586173
4322.586286
4323.586398
4324.586511
4325.586623
4326.586736
4327.586848
4328.586961
4329.587073
4330.587186
4331.587298
4332.587411
4333.587523
4334.587636
4335.587748
4336.587861
4337.587973
4338.588086
4339.588199
4340.588311
4341.588424
4342.588536
4343.588649
4344.588761
4345.588874
4346.588986
4347.589099
4348.589211
4349.589324
4350.589436
4351.589549
4352.589661
4353.589774
4354.589886
4355.589999
4356.590111
4357.590224
4358.590336
4359.590449
4360.590561
4361.590674
4362.590786
4363.590899
4364.591011
4365.591124
4366.591236
4367.591349
4368.591461
4369.591574
4370.591686
4371.591799
4372.591911
4373.592024
4374.592137
4375.592249
4376.592362
4377.592474
4378.592587
4379.592699
4380.592812
4381.592924
4382.593037
4383.593149
4384.593262
4385.593374
4386.593487
4387.593599
4388.593712
4389.593824
4390.593937
4391.594049
4392.594162
4393.594274
4394.594387
4395.594499
4396.594612
4397.594724
4398.594837
4399.594949
4400.595062
4401.595174
4402.595287
4403.595399
4404.595512
4405.595624
4406.595737
4407.595849
4408.595962
4409.596075
4410.596187
4411.596300
4412.596412
4413.596525
4414.596637
4415.596750
4416.596862
4417.596975
4418.597087
4419.597200
4420.597312
4421.597425
4422.597537
4423.597650
4424.597762
4425.597875
4426.597987
4427.598100
4428.598212
4429.598325
4430.598437
4431.598550
4432.598662
4433.598775
4434.598887
4435.599000
4436.599112
4437.599225
4438.599337
4439.599450
4440.599562
4441.599675
4442.599787
4443.599900
4444.600013
4445.600125
4446.600238
4447.600350
4448.600463
4449.600575
4450.600688
4451.600800
4452.600913
4453.601025
4454.601138
4455.601250
4456.601363
4457.601475
4458.601588
4459.601700
4460.601813
4461.601925
4462.602038
4463.602150
4464.602263
4465.602375
4466.602488
4467.602600
4468.602713
4469.602825
4470.602938
4471.603050
4472.603163
4473.603275
4474.603388
4475.603500
4476.603613
4477.603725
4478.603838
4479.603950
4480.604063
4481.604176
4482.604288
4483.604401
4484.604513
4485.604626
4486.604738
4487.604851
4488.604963
4489.605076
4490.605188
4491.605301
4492.605413
4493.605526
4494.605638
4495.605751
4496.605863
4497.605976
4498.606088
4499.606201
4500.606313
4501.606426
4502.606538
4503.606651
4504.606763
4505.606876
4506.606988
4507.607101
4508.607213
4509.607326
4510.607438
4511.607551
4512.607663
4513.607776
4514.607888
4515.608001
4516.608114
4517.608226
4518.608339
4519.608451
4520.608564
4521.608676
4522.608789
4523.608901
4524.609014
4525.609126
4526.609239
4527.609351
4528.609464
4529.609576
4530.609689
4531.609801
4532.609914
4533.610026
4534.610139
4535.610251
4536.610364
4537.610476
4538.610589
4539.610701
4540.610814
4541.610926
4542.611039
4543.611151
4544.611264
4545.611376
4546.611489
4547.611601
4548.611714
4549.611826
4550.611939
4551.612052
4552.612164
4553.612277
4554.612389
4555.612502
4556.612614
4557.612727
4558.612839
4559.612952
4560.613064
4561.613177
4562.613289
4563.613402
4564.613514
4565.613627
4566.613739
4567.613852
4568.613964
4569.614077
4570.614189
4571.614302
4572.614414
4573.614527
4574.614639
4575.614752
4576.614864
4577.614977
4578.615089
4579.615202
4580.615314
4581.615427
4582.615539
4583.615652
4584.615764
4585.615877
4586.615989
4587.616102
4588.616215
4589.616327
4590.616440
4591.616552
4592.616665
4593.616777
4594.616890
4595.617002
4596.617115
4597.617227
4598.617340
4599.617452
4600.617565
4601.617677
4602.617790
4603.617902
4604.618015
4605.618127
4606.618240
4607.618352
4608.618465
4609.618577
4610.618690
4611.618802
4612.618915
4613.619027
4614.619140
4615.619252
4616.619365
4617.619477
4618.619590
4619.619702
4620.619815
4621.619927
4622.620040
4623.620153
4624.620265
4625.620378
4626.620490
4627.620603
4628.620715
4629.620828
4630.620940
4631.621053
4632.621165
4633.621278
4634.621390
4635.621503
4636.621615
4637.621728
4638.621840
4639.621953
4640.622065
4641.622178
4642.622290
4643.622403
4644.622515
4645.622628
4646.622740
4647.622853
4648.622965
4649.623078
4650.623190
4651.623303
4652.623415
4653.623528
4654.623640
4655.623753
4656.623865
4657.623978
4658.624091
4659.624203
4660.624316
4661.624428
4662.624541
4663.624653
4664.624766
4665.624878
4666.624991
4667.625103
4668.625216
4669.625328
4670.625441
4671.625553
4672.625666
4673.625778
4674.625891
4675.626003
4676.626116
4677.626228
4678.626341
4679.626453
4680.626566
4681.626678
4682.626791
4683.626903
4684.627016
4685.627128
4686.627241
4687.627353
4688.627466
4689.627578
4690.627691
4691.627803
4692.627916
4693.628029
4694.628141
4695.628254
4696.628366
4697.628479
4698.628591
4699.628704
4700.628816
4701.628929
4702.629041
4703.629154
4704.629266
4705.629379
4706.629491
4707.629604
4708.629716
4709.629829
4710.629941
4711.630054
4712.630166
4713.630279
4714.630391
4715.630504
4716.630616
4717.630729
4718.630841
4719.630954
4720.631066
4721.631179
4722.631291
4723.631404
4724.631516
4725.631629
4726.631741
4727.631854
4728.631966
4729.632079
4730.632192
4731.632304
4732.632417
4733.632529
4734.632642
4735.632754
4736.632867
4737.632979
4738.633092
4739.633204
4740.633317
4741.633429
4742.633542
4743.633654
4744.633767
4745.633879
4746.633992
4747.634104
4748.634217
4749.634329
4750.634442
4751.634554
4752.634667
4753.634779
4754.634892
4755.635004
4756.635117
4757.635229
4758.635342
4759.635454
4760.635567
4761.635679
4762.635792
4763.635904
4764.636017
4765.636130
4766.636242
4767.636355
4768.636467
4769.636580
4770.636692
4771.636805
4772.636917
4773.637030
4774.637142
4775.637255
4776.637367
4777.637480
4778.637592
4779.637705
4780.637817
4781.637930
4782.638042
4783.638155
4784.638267
4785.638380
4786.638492
4787.638605
4788.638717
4789.638830
4790.638942
4791.639055
4792.639167
4793.639280
4794.639392
4795.639505
4796.639617
4797.639730
4798.639842
4799.639955
4800.640068
4801.640180
4802.640293
4803.640405
4804.640518
4805.640630
4806.640743
4807.640855
4808.640968
4809.641080
4810.641193
4811.641305
4812.641418
4813.641530
4814.641643
4815.641755
4816.641868
4817.641980
4818.642093
4819.642205
4820.642318
4821.642430
4822.642543
4823.642655
4824.642768
4825.642880
4826.642993
4827.643105
4828.643218
4829.643330
4830.643443
4831.643555
4832.643668
4833.643780
4834.643893
4835.644006
4836.644118
4837.644231
4838.644343
4839.644456
4840.644568
4841.644681
4842.644793
4843.644906
4844.645018
4845.645131
4846.645243
4847.645356
4848.645468
4849.645581
4850.645693
4851.645806
4852.645918
4853.646031
4854.646143
4855.646256
4856.646368
4857.646481
4858.646593
4859.646706
4860.646818
4861.646931
4862.647043
4863.647156
4864.647268
4865.647381
4866.647493
4867.647606
4868.647718
4869.647831
4870.647943
4871.648056
4872.648169
4873.648281
4874.648394
4875.648506
4876.648619
4877.648731
4878.648844
4879.648956
4880.649069
4881.649181
4882.649294
4883.649406
4884.649519
4885.649631
4886.649744
4887.649856
4888.649969
4889.650081
4890.650194
4891.650306
4892.650419
4893.650531
4894.650644
4895.650756
4896.650869
4897.650981
4898.651094
4899.651206
4900.651319
4901.651431
4902.651544
4903.651656
4904.651769
4905.651881
4906.651994
4907.652107
4908.652219
4909.652332
4910.652444
4911.652557
4912.652669
4913.652782
4914.652894
4915.653007
4916.653119
4917.653232
4918.653344
4919.653457
4920.653569
4921.653682
4922.653794
4923.653907
4924.654019
4925.654132
4926.654244
4927.654357
4928.654469
4929.654582
4930.654694
4931.654807
4932.654919
4933.655032
4934.655144
4935.655257
4936.655369
4937.655482
4938.655594
4939.655707
4940.655819
4941.655932
4942.656045
4943.656157
4944.656270
4945.656382
4946.656495
4947.656607
4948.656720
4949.656832
4950.656945
4951.657057
4952.657170
4953.657282
4954.657395
4955.657507
4956.657620
4957.657732
4958.657845
4959.657957
4960.658070
4961.658182
4962.658295
4963.658407
4964.658520
4965.658632
4966.658745
4967.658857
4968.658970
4969.659082
4970.659195
4971.659307
4972.659420
4973.659532
4974.659645
4975.659757
4976.659870
4977.659982
4978.660095
4979.660208
4980.660320
4981.660433
4982.660545
4983.660658
4984.660770
4985.660883
4986.660995
4987.661108
4988.661220
4989.661333
4990.661445
4991.661558
4992.661670
4993.661783
4994.661895
4995.662008
4996.662120
4997.662233
4998.662345
4999.662458
5000.662570
5001.662683
5002.662795
5003.662908
5004.663020
5005.663133
5006.663245
5007.663358
5008.663470
5009.663583
5010.663695
5011.663808
5012.663920
5013.664033
5014.664146
5015.664258
5016.664371
5017.664483
5018.664596
5019.664708
5020.664821
5021.664933
5022.665046
5023.665158
5024.665271
5025.665383
5026.665496
5027.665608
5028.665721
5029.665833
5030.665946
5031.666058
5032.666171
5033.666283
5034.666396
5035.666508
5036.666621
5037.666733
5038.666846
5039.666958
5040.667071
5041.667183
5042.667296
5043.667408
5044.667521
5045.667633
5046.667746
5047.667858
5048.667971
5049.668084
5050.668196
5051.668309
5052.668421
5053.668534
5054.668646
5055.668759
5056.668871
5057.668984
5058.669096
5059.669209
5060.669321
5061.669434
5062.669546
5063.669659
5064.669771
5065.669884
5066.669996
5067.670109
5068.670221
5069.670334
5070.670446
5071.670559
5072.670671
5073.670784
5074.670896
5075.671009
5076.671121
5077.671234
5078.671346
5079.671459
5080.671571
5081.671684
5082.671796
5083.671909
5084.672022
5085.672134
5086.672247
5087.672359
5088.672472
5089.672584
5090.672697
5091.672809
5092.672922
5093.673034
5094.673147
5095.673259
5096.673372
5097.673484
5098.673597
5099.673709
5100.673822
5101.673934
5102.674047
5103.674159
5104.674272
5105.674384
5106.674497
5107.674609
5108.674722
5109.674834
5110.674947
5111.675059
5112.675172
5113.675284
5114.675397
5115.675509
5116.675622
5117.675734
5118.675847
5119.675959
5120.676072
5121.676185
5122.676297
5123.676410
5124.676522
5125.676635
5126.676747
5127.676860
5128.676972
5129.677085
5130.677197
5131.677310
5132.677422
5133.677535
5134.677647
5135.677760
5136.677872
5137.677985
5138.678097
5139.678210
5140.678322
5141.678435
5142.678547
5143.678660
5144.678772
5145.678885
5146.678997
5147.679110
5148.679222
5149.679335
5150.679447
5151.679560
5152.679672
5153.679785
5154.679897
5155.680010
5156.680123
5157.680235
5158.680348
5159.680460
5160.680573
5161.680685
5162.680798
5163.680910
5164.681023
5165.681135
5166.681248
5167.681360
5168.681473
5169.681585
5170.681698
5171.681810
5172.681923
5173.682035
5174.682148
5175.682260
5176.682373
5177.682485
5178.682598
5179.682710
5180.682823
5181.682935
5182.683048
5183.683160
5184.683273
5185.683385
5186.683498
5187.683610
5188.683723
5189.683835
5190.683948
5191.684061
5192.684173
5193.684286
5194.684398
5195.684511
5196.684623
5197.684736
5198.684848
5199.684961
5200.685073
5201.685186
5202.685298
5203.685411
5204.685523
5205.685636
5206.685748
5207.685861
5208.685973
5209.686086
5210.686198
5211.686311
5212.686423
5213.686536
5214.686648
5215.686761
5216.686873
5217.686986
5218.687098
5219.687211
5220.687323
5221.687436
5222.687548
5223.687661
5224.687773
5225.687886
5226.687998
5227.688111
5228.688224
5229.688336
5230.688449
5231.688561
5232.688674
5233.688786
5234.688899
5235.689011
5236.689124
5237.689236
5238.689349
5239.689461
5240.689574
5241.689686
5242.689799
5243.689911
5244.690024
5245.690136
5246.690249
5247.690361
5248.690474
5249.690586
5250.690699
5251.690811
5252.690924
5253.691036
5254.691149
5255.691261
5256.691374
5257.691486
5258.691599
5259.691711
5260.691824
5261.691936
5262.692049
5263.692162
5264.692274
5265.692387
5266.692499
5267.692612
5268.692724
5269.692837
5270.692949
5271.693062
5272.693174
5273.693287
5274.693399
5275.693512
5276.693624
5277.693737
5278.693849
5279.693962
5280.694074
5281.694187
5282.694299
5283.694412
5284.694524
5285.694637
5286.694749
5287.694862
5288.694974
5289.695087
5290.695199
5291.695312
5292.695424
5293.695537
5294.695649
5295.695762
5296.695874
5297.695987
5298.696100
5299.696212
5300.696325
5301.696437
5302.696550
5303.696662
5304.696775
5305.696887
5306.697000
5307.697112
5308.697225
5309.697337
5310.697450
5311.697562
5312.697675
5313.697787
5314.697900
5315.698012
5316.698125
5317.698237
5318.698350
5319.698462
5320.698575
5321.698687
5322.698800
5323.698912
5324.699025
5325.699137
5326.699250
5327.699362
5328.699475
5329.699587
5330.699700
5331.699812
5332.699925
5333.700038
5334.700150
5335.700263
5336.700375
5337.700488
5338.700600
5339.700713
5340.700825
5341.700938
5342.701050
5343.701163
5344.701275
5345.701388
5346.701500
5347.701613
5348.701725
5349.701838
5350.701950
5351.702063
5352.702175
5353.702288
5354.702400
5355.702513
5356.702625
5357.702738
5358.702850
5359.702963
5360.703075
5361.703188
5362.703300
5363.703413
5364.703525
5365.703638
5366.703750
5367.703863
5368.703975
5369.704088
5370.704201
5371.704313
5372.704426
5373.704538
5374.704651
5375.704763
5376.704876
5377.704988
5378.705101
5379.705213
5380.705326
5381.705438
5382.705551
5383.705663
5384.705776
5385.705888
5386.706001
5387.706113
5388.706226
5389.706338
5390.706451
5391.706563
5392.706676
5393.706788
5394.706901
5395.707013
5396.707126
5397.707238
5398.707351
5399.707463
5400.707576
5401.707688
5402.707801
5403.707913
5404.708026
5405.708139
5406.708251
5407.708364
5408.708476
5409.708589
5410.708701
5411.708814
5412.708926
5413.709039
5414.709151
5415.709264
5416.709376
5417.709489
5418.709601
5419.709714
5420.709826
5421.709939
5422.710051
5423.710164
5424.710276
5425.710389
5426.710501
5427.710614
5428.710726
5429.710839
5430.710951
5431.711064
5432.711176
5433.711289
5434.711401
5435.711514
5436.711626
5437.711739
5438.711851
5439.711964
5440.712077
5441.712189
5442.712302
5443.712414
5444.712527
5445.712639
5446.712752
5447.712864
5448.712977
5449.713089
5450.713202
5451.713314
5452.713427
5453.713539
5454.713652
5455.713764
5456.713877
5457.713989
5458.714102
5459.714214
5460.714327
5461.714439
5462.714552
5463.714664
5464.714777
5465.714889
5466.715002
5467.715114
5468.715227
5469.715339
5470.715452
5471.715564
5472.715677
5473.715789
5474.715902
5475.716015
5476.716127
5477.716240
5478.716352
5479.716465
5480.716577
5481.716690
5482.716802
5483.716915
5484.717027
5485.717140
5486.717252
5487.717365
5488.717477
5489.717590
5490.717702
5491.717815
5492.717927
5493.718040
5494.718152
5495.718265
5496.718377
5497.718490
5498.718602
5499.718715
5500.718827
5501.718940
5502.719052
5503.719165
5504.719277
5505.719390
5506.719502
5507.719615
5508.719727
5509.719840
5510.719952
5511.720065
5512.720178
5513.720290
5514.720403
5515.720515
5516.720628
5517.720740
5518.720853
5519.720965
5520.721078
5521.721190
5522.721303
5523.721415
5524.721528
5525.721640
5526.721753
5527.721865
5528.721978
5529.722090
5530.722203
5531.722315
5532.722428
5533.722540
5534.722653
5535.722765
5536.722878
5537.722990
5538.723103
5539.723215
5540.723328
5541.723440
5542.723553
5543.723665
5544.723778
5545.723890
5546.724003
5547.724116
5548.724228
5549.724341
5550.724453
5551.724566
5552.724678
5553.724791
5554.724903
5555.725016
5556.725128
5557.725241
5558.725353
5559.725466
5560.725578
5561.725691
5562.725803
5563.725916
5564.726028
5565.726141
5566.726253
5567.726366
5568.726478
5569.726591
5570.726703
5571.726816
5572.726928
5573.727041
5574.727153
5575.727266
5576.727378
5577.727491
5578.727603
5579.727716
5580.727828
5581.727941
5582.728054
5583.728166
5584.728279
5585.728391
5586.728504
5587.728616
5588.728729
5589.728841
5590.728954
5591.729066
5592.729179
5593.729291
5594.729404
5595.729516
5596.729629
5597.729741
5598.729854
5599.729966
5600.730079
5601.730191
5602.730304
5603.730416
5604.730529
5605.730641
5606.730754
5607.730866
5608.730979
5609.731091
5610.731204
5611.731316
5612.731429
5613.731541
5614.731654
5615.731766
5616.731879
5617.731991
5618.732104
5619.732217
5620.732329
5621.732442
5622.732554
5623.732667
5624.732779
5625.732892
5626.733004
5627.733117
5628.733229
5629.733342
5630.733454
5631.733567
5632.733679
5633.733792
5634.733904
5635.734017
5636.734129
5637.734242
5638.734354
5639.734467
5640.734579
5641.734692
5642.734804
5643.734917
5644.735029
5645.735142
5646.735254
5647.735367
5648.735479
5649.735592
5650.735704
5651.735817
5652.735929
5653.736042
5654.736155
5655.736267
5656.736380
5657.736492
5658.736605
5659.736717
5660.736830
5661.736942
5662.737055
5663.737167
5664.737280
5665.737392
5666.737505
5667.737617
5668.737730
5669.737842
5670.737955
5671.738067
5672.738180
5673.738292
5674.738405
5675.738517
5676.738630
5677.738742
5678.738855
5679.738967
5680.739080
5681.739192
5682.739305
5683.739417
5684.739530
5685.739642
5686.739755
5687.739867
5688.739980
5689.740093
5690.740205
5691.740318
5692.740430
5693.740543
5694.740655
5695.740768
5696.740880
5697.740993
5698.741105
5699.741218
5700.741330
5701.741443
5702.741555
5703.741668
5704.741780
5705.741893
5706.742005
5707.742118
5708.742230
5709.742343
5710.742455
5711.742568
5712.742680
5713.742793
5714.742905
5715.743018
5716.743130
5717.743243
5718.743355
5719.743468
5720.743580
5721.743693
5722.743805
5723.743918
5724.744031
5725.744143
5726.744256
5727.744368
5728.744481
5729.744593
5730.744706
5731.744818
5732.744931
5733.745043
5734.745156
5735.745268
5736.745381
5737.745493
5738.745606
5739.745718
5740.745831
5741.745943
5742.746056
5743.746168
5744.746281
5745.746393
5746.746506
5747.746618
5748.746731
5749.746843
5750.746956
5751.747068
5752.747181
5753.747293
5754.747406
5755.747518
5756.747631
5757.747743
5758.747856
5759.747968
5760.748081
5761.748194
5762.748306
5763.748419
5764.748531
5765.748644
5766.748756
5767.748869
5768.748981
5769.749094
5770.749206
5771.749319
5772.749431
5773.749544
5774.749656
5775.749769
5776.749881
5777.749994
5778.750106
5779.750219
5780.750331
5781.750444
5782.750556
5783.750669
5784.750781
5785.750894
5786.751006
5787.751119
5788.751231
5789.751344
5790.751456
5791.751569
5792.751681
5793.751794
5794.751906
5795.752019
5796.752132
5797.752244
5798.752357
5799.752469
5800.752582
5801.752694
5802.752807
5803.752919
5804.753032
5805.753144
5806.753257
5807.753369
5808.753482
5809.753594
5810.753707
5811.753819
5812.753932
5813.754044
5814.754157
5815.754269
5816.754382
5817.754494
5818.754607
5819.754719
5820.754832
5821.754944
5822.755057
5823.755169
5824.755282
5825.755394
5826.755507
5827.755619
5828.755732
5829.755844
5830.755957
5831.756070
5832.756182
5833.756295
5834.756407
5835.756520
5836.756632
5837.756745
5838.756857
5839.756970
5840.757082
5841.757195
5842.757307
5843.757420
5844.757532
5845.757645
5846.757757
5847.757870
5848.757982
5849.758095
5850.758207
5851.758320
5852.758432
5853.758545
5854.758657
5855.758770
5856.758882
5857.758995
5858.759107
5859.759220
5860.759332
5861.759445
5862.759557
5863.759670
5864.759782
5865.759895
5866.760008
5867.760120
5868.760233
5869.760345
5870.760458
5871.760570
5872.760683
5873.760795
5874.760908
5875.761020
5876.761133
5877.761245
5878.761358
5879.761470
5880.761583
5881.761695
5882.761808
5883.761920
5884.762033
5885.762145
5886.762258
5887.762370
5888.762483
5889.762595
5890.762708
5891.762820
5892.762933
5893.763045
5894.763158
5895.763270
5896.763383
5897.763495
5898.763608
5899.763720
5900.763833
5901.763945
5902.764058
5903.764171
5904.764283
5905.764396
5906.764508
5907.764621
5908.764733
5909.764846
5910.764958
5911.765071
5912.765183
5913.765296
5914.765408
5915.765521
5916.765633
5917.765746
5918.765858
5919.765971
5920.766083
5921.766196
5922.766308
5923.766421
5924.766533
5925.766646
5926.766758
5927.766871
5928.766983
5929.767096
5930.767208
5931.767321
5932.767433
5933.767546
5934.767658
5935.767771
5936.767883
5937.767996
5938.768109
5939.768221
5940.768334
5941.768446
5942.768559
5943.768671
5944.768784
5945.768896
5946.769009
5947.769121
5948.769234
5949.769346
5950.769459
5951.769571
5952.769684
5953.769796
5954.769909
5955.770021
5956.770134
5957.770246
5958.770359
5959.770471
5960.770584
5961.770696
5962.770809
5963.770921
5964.771034
5965.771146
5966.771259
5967.771371
5968.771484
5969.771596
5970.771709
5971.771821
5972.771934
5973.772047
5974.772159
5975.772272
5976.772384
5977.772497
5978.772609
5979.772722
5980.772834
5981.772947
5982.773059
5983.773172
5984.773284
5985.773397
5986.773509
5987.773622
5988.773734
5989.773847
5990.773959
5991.774072
5992.774184
5993.774297
5994.774409
5995.774522
5996.774634
5997.774747
5998.774859
5999.774972
6000.775084
6001.775197
6002.775309
6003.775422
6004.775534
6005.775647
6006.775759
6007.775872
6008.775984
6009.776097
6010.776210
6011.776322
6012.776435
6013.776547
6014.776660
6015.776772
6016.776885
6017.776997
6018.777110
6019.777222
6020.777335
6021.777447
6022.777560
6023.777672
6024.777785
6025.777897
6026.778010
6027.778122
6028.778235
6029.778347
6030.778460
6031.778572
6032.778685
6033.778797
6034.778910
6035.779022
6036.779135
6037.779247
6038.779360
6039.779472
6040.779585
6041.779697
6042.779810
6043.779922
6044.780035
6045.780148
6046.780260
6047.780373
6048.780485
6049.780598
6050.780710
6051.780823
6052.780935
6053.781048
6054.781160
6055.781273
6056.781385
6057.781498
6058.781610
6059.781723
6060.781835
6061.781948
6062.782060
6063.782173
6064.782285
6065.782398
6066.782510
6067.782623
6068.782735
6069.782848
6070.782960
6071.783073
6072.783185
6073.783298
6074.783410
6075.783523
6076.783635
6077.783748
6078.783860
6079.783973
6080.784086
6081.784198
6082.784311
6083.784423
6084.784536
6085.784648
6086.784761
6087.784873
6088.784986
6089.785098
6090.785211
6091.785323
6092.785436
6093.785548
6094.785661
6095.785773
6096.785886
6097.785998
6098.786111
6099.786223
6100.786336
6101.786448
6102.786561
6103.786673
6104.786786
6105.786898
6106.787011
6107.787123
6108.787236
6109.787348
6110.787461
6111.787573
6112.787686
6113.787798
6114.787911
6115.788024
6116.788136
6117.788249
6118.788361
6119.788474
6120.788586
6121.788699
6122.788811
6123.788924
6124.789036
6125.789149
6126.789261
6127.789374
6128.789486
6129.789599
6130.789711
6131.789824
6132.789936
6133.790049
6134.790161
6135.790274
6136.790386
6137.790499
6138.790611
6139.790724
6140.790836
6141.790949
6142.791061
6143.791174
6144.791286
6145.791399
6146.791511
6147.791624
6148.791736
6149.791849
6150.791961
6151.792074
6152.792187
6153.792299
6154.792412
6155.792524
6156.792637
6157.792749
6158.792862
6159.792974
6160.793087
6161.793199
6162.793312
6163.793424
6164.793537
6165.793649
6166.793762
6167.793874
6168.793987
6169.794099
6170.794212
6171.794324
6172.794437
6173.794549
6174.794662
6175.794774
6176.794887
6177.794999
6178.795112
6179.795224
6180.795337
6181.795449
6182.795562
6183.795674
6184.795787
6185.795899
6186.796012
6187.796125
6188.796237
6189.796350
6190.796462
6191.796575
6192.796687
6193.796800
6194.796912
6195.797025
6196.797137
6197.797250
6198.797362
6199.797475
6200.797587
6201.797700
6202.797812
6203.797925
6204.798037
6205.798150
6206.798262
6207.798375
6208.798487
6209.798600
6210.798712
6211.798825
6212.798937
6213.799050
6214.799162
6215.799275
6216.799387
6217.799500
6218.799612
6219.799725
6220.799837
6221.799950
6222.800063
6223.800175
6224.800288
6225.800400
6226.800513
6227.800625
6228.800738
6229.800850
6230.800963
6231.801075
6232.801188
6233.801300
6234.801413
6235.801525
6236.801638
6237.801750
6238.801863
6239.801975
6240.802088
6241.802200
6242.802313
6243.802425
6244.802538
6245.802650
6246.802763
6247.802875
6248.802988
6249.803100
6250.803213
6251.803325
6252.803438
6253.803550
6254.803663
6255.803775
6256.803888
6257.804001
6258.804113
6259.804226
6260.804338
6261.804451
6262.804563
6263.804676
6264.804788
6265.804901
6266.805013
6267.805126
6268.805238
6269.805351
6270.805463
6271.805576
6272.805688
6273.805801
6274.805913
6275.806026
6276.806138
6277.806251
6278.806363
6279.806476
6280.806588
6281.806701
6282.806813
6283.806926
6284.807038
6285.807151
6286.807263
6287.807376
6288.807488
6289.807601
6290.807713
6291.807826
6292.807938
6293.808051
6294.808164
6295.808276
6296.808389
6297.808501
6298.808614
6299.808726
6300.808839
6301.808951
6302.809064
6303.809176
6304.809289
6305.809401
6306.809514
6307.809626
6308.809739
6309.809851
6310.809964
6311.810076
6312.810189
6313.810301
6314.810414
6315.810526
6316.810639
6317.810751
6318.810864
6319.810976
6320.811089
6321.811201
6322.811314
6323.811426
6324.811539
6325.811651
6326.811764
6327.811876
6328.811989
6329.812102
6330.812214
6331.812327
6332.812439
6333.812552
6334.812664
6335.812777
6336.812889
6337.813002
6338.813114
6339.813227
6340.813339
6341.813452
6342.813564
6343.813677
6344.813789
6345.813902
6346.814014
6347.814127
6348.814239
6349.814352
6350.814464
6351.814577
6352.814689
6353.814802
6354.814914
6355.815027
6356.815139
6357.815252
6358.815364
6359.815477
6360.815589
6361.815702
6362.815814
6363.815927
6364.816040
6365.816152
6366.816265
6367.816377
6368.816490
6369.816602
6370.816715
6371.816827
6372.816940
6373.817052
6374.817165
6375.817277
6376.817390
6377.817502
6378.817615
6379.817727
6380.817840
6381.817952
6382.818065
6383.818177
6384.818290
6385.818402
6386.818515
6387.818627
6388.818740
6389.818852
6390.818965
6391.819077
6392.819190
6393.819302
6394.819415
6395.819527
6396.819640
6397.819752
6398.819865
6399.819977
6400.820090
6401.820203
6402.820315
6403.820428
6404.820540
6405.820653
6406.820765
6407.820878
6408.820990
6409.821103
6410.821215
6411.821328
6412.821440
6413.821553
6414.821665
6415.821778
6416.821890
6417.822003
6418.822115
6419.822228
6420.822340
6421.822453
6422.822565
6423.822678
6424.822790
6425.822903
6426.823015
6427.823128
6428.823240
6429.823353
6430.823465
6431.823578
6432.823690
6433.823803
6434.823915
6435.824028
6436.824141
6437.824253
6438.824366
6439.824478
6440.824591
6441.824703
6442.824816
6443.824928
6444.825041
6445.825153
6446.825266
6447.825378
6448.825491
6449.825603
6450.825716
6451.825828
6452.825941
6453.826053
6454.826166
6455.826278
6456.826391
6457.826503
6458.826616
6459.826728
6460.826841
6461.826953
6462.827066
6463.827178
6464.827291
6465.827403
6466.827516
6467.827628
6468.827741
6469.827853
6470.827966
6471.828079
6472.828191
6473.828304
6474.828416
6475.828529
6476.828641
6477.828754
6478.828866
6479.828979
6480.829091
6481.829204
6482.829316
6483.829429
6484.829541
6485.829654
6486.829766
6487.829879
6488.829991
6489.830104
6490.830216
6491.830329
6492.830441
6493.830554
6494.830666
6495.830779
6496.830891
6497.831004
6498.831116
6499.831229
6500.831341
6501.831454
6502.831566
6503.831679
6504.831791
6505.831904
6506.832017
6507.832129
6508.832242
6509.832354
6510.832467
6511.832579
6512.832692
6513.832804
6514.832917
6515.833029
6516.833142
6517.833254
6518.833367
6519.833479
6520.833592
6521.833704
6522.833817
6523.833929
6524.834042
6525.834154
6526.834267
6527.834379
6528.834492
6529.834604
6530.834717
6531.834829
6532.834942
6533.835054
6534.835167
6535.835279
6536.835392
6537.835504
6538.835617
6539.835729
6540.835842
6541.835954
6542.836067
6543.836180
6544.836292
6545.836405
6546.836517
6547.836630
6548.836742
6549.836855
6550.836967
6551.837080
6552.837192
6553.837305
6554.837417
6555.837530
6556.837642
6557.837755
6558.837867
6559.837980
6560.838092
6561.838205
6562.838317
6563.838430
6564.838542
6565.838655
6566.838767
6567.838880
6568.838992
6569.839105
6570.839217
6571.839330
6572.839442
6573.839555
6574.839667
6575.839780
6576.839892
6577.840005
6578.840118
6579.840230
6580.840343
6581.840455
6582.840568
6583.840680
6584.840793
6585.840905
6586.841018
6587.841130
6588.841243
6589.841355
6590.841468
6591.841580
6592.841693
6593.841805
6594.841918
6595.842030
6596.842143
6597.842255
6598.842368
6599.842480
6600.842593
6601.842705
6602.842818
6603.842930
6604.843043
6605.843155
6606.843268
6607.843380
6608.843493
6609.843605
6610.843718
6611.843830
6612.843943
6613.844056
6614.844168
6615.844281
6616.844393
6617.844506
6618.844618
6619.844731
6620.844843
6621.844956
6622.845068
6623.845181
6624.845293
6625.845406
6626.845518
6627.845631
6628.845743
6629.845856
6630.845968
6631.846081
6632.846193
6633.846306
6634.846418
6635.846531
6636.846643
6637.846756
6638.846868
6639.846981
6640.847093
6641.847206
6642.847318
6643.847431
6644.847543
6645.847656
6646.847768
6647.847881
6648.847993
6649.848106
6650.848219
6651.848331
6652.848444
6653.848556
6654.848669
6655.848781
6656.848894
6657.849006
6658.849119
6659.849231
6660.849344
6661.849456
6662.849569
6663.849681
6664.849794
6665.849906
6666.850019
6667.850131
6668.850244
6669.850356
6670.850469
6671.850581
6672.850694
6673.850806
6674.850919
6675.851031
6676.851144
6677.851256
6678.851369
6679.851481
6680.851594
6681.851706
6682.851819
6683.851931
6684.852044
6685.852157
6686.852269
6687.852382
6688.852494
6689.852607
6690.852719
6691.852832
6692.852944
6693.853057
6694.853169
6695.853282
6696.853394
6697.853507
6698.853619
6699.853732
6700.853844
6701.853957
6702.854069
6703.854182
6704.854294
6705.854407
6706.854519
6707.854632
6708.854744
6709.854857
6710.854969
6711.855082
6712.855194
6713.855307
6714.855419
6715.855532
6716.855644
6717.855757
6718.855869
6719.855982
6720.856095
6721.856207
6722.856320
6723.856432
6724.856545
6725.856657
6726.856770
6727.856882
6728.856995
6729.857107
6730.857220
6731.857332
6732.857445
6733.857557
6734.857670
6735.857782
6736.857895
6737.858007
6738.858120
6739.858232
6740.858345
6741.858457
6742.858570
6743.858682
6744.858795
6745.858907
6746.859020
6747.859132
6748.859245
6749.859357
6750.859470
6751.859582
6752.859695
6753.859807
6754.859920
6755.860033
6756.860145
6757.860258
6758.860370
6759.860483
6760.860595
6761.860708
6762.860820
6763.860933
6764.861045
6765.861158
6766.861270
6767.861383
6768.861495
6769.861608
6770.861720
6771.861833
6772.861945
6773.862058
6774.862170
6775.862283
6776.862395
6777.862508
6778.862620
6779.862733
6780.862845
6781.862958
6782.863070
6783.863183
6784.863295
6785.863408
6786.863520
6787.863633
6788.863745
6789.863858
6790.863970
6791.864083
6792.864196
6793.864308
6794.864421
6795.864533
6796.864646
6797.864758
6798.864871
6799.864983
6800.865096
6801.865208
6802.865321
6803.865433
6804.865546
6805.865658
6806.865771
6807.865883
6808.865996
6809.866108
6810.866221
6811.866333
6812.866446
6813.866558
6814.866671
6815.866783
6816.866896
6817.867008
6818.867121
6819.867233
6820.867346
6821.867458
6822.867571
6823.867683
6824.867796
6825.867908
6826.868021
6827.868134
6828.868246
6829.868359
6830.868471
6831.868584
6832.868696
6833.868809
6834.868921
6835.869034
6836.869146
6837.869259
6838.869371
6839.869484
6840.869596
6841.869709
6842.869821
6843.869934
6844.870046
6845.870159
6846.870271
6847.870384
6848.870496
6849.870609
6850.870721
6851.870834
6852.870946
6853.871059
6854.871171
6855.871284
6856.871396
6857.871509
6858.871621
6859.871734
6860.871846
6861.871959
6862.872072
6863.872184
6864.872297
6865.872409
6866.872522
6867.872634
6868.872747
6869.872859
6870.872972
6871.873084
6872.873197
6873.873309
6874.873422
6875.873534
6876.873647
6877.873759
6878.873872
6879.873984
6880.874097
6881.874209
6882.874322
6883.874434
6884.874547
6885.874659
6886.874772
6887.874884
6888.874997
6889.875109
6890.875222
6891.875334
6892.875447
6893.875559
6894.875672
6895.875784
6896.875897
6897.876010
6898.876122
6899.876235
6900.876347
6901.876460
6902.876572
6903.876685
6904.876797
6905.876910
6906.877022
6907.877135
6908.877247
6909.877360
6910.877472
6911.877585
6912.877697
6913.877810
6914.877922
6915.878035
6916.878147
6917.878260
6918.878372
6919.878485
6920.878597
6921.878710
6922.878822
6923.878935
6924.879047
6925.879160
6926.879272
6927.879385
6928.879497
6929.879610
6930.879722
6931.879835
6932.879947
6933.880060
6934.880173
6935.880285
6936.880398
6937.880510
6938.880623
6939.880735
6940.880848
6941.880960
6942.881073
6943.881185
6944.881298
6945.881410
6946.881523
6947.881635
6948.881748
6949.881860
6950.881973
6951.882085
6952.882198
6953.882310
6954.882423
6955.882535
6956.882648
6957.882760
6958.882873
6959.882985
6960.883098
6961.883210
6962.883323
6963.883435
6964.883548
6965.883660
6966.883773
6967.883885
6968.883998
6969.884111
6970.884223
6971.884336
6972.884448
6973.884561
6974.884673
6975.884786
6976.884898
6977.885011
6978.885123
6979.885236
6980.885348
6981.885461
6982.885573
6983.885686
6984.885798
6985.885911
6986.886023
6987.886136
6988.886248
6989.886361
6990.886473
6991.886586
6992.886698
6993.886811
6994.886923
6995.887036
6996.887148
6997.887261
6998.887373
6999.887486
7000.887598
7001.887711
7002.887823
7003.887936
7004.888049
7005.888161
7006.888274
7007.888386
7008.888499
7009.888611
7010.888724
7011.888836
7012.888949
7013.889061
7014.889174
7015.889286
7016.889399
7017.889511
7018.889624
7019.889736
7020.889849
7021.889961
7022.890074
7023.890186
7024.890299
7025.890411
7026.890524
7027.890636
7028.890749
7029.890861
7030.890974
7031.891086
7032.891199
7033.891311
7034.891424
7035.891536
7036.891649
7037.891761
7038.891874
7039.891986
7040.892099
7041.892212
7042.892324
7043.892437
7044.892549
7045.892662
7046.892774
7047.892887
7048.892999
7049.893112
7050.893224
7051.893337
7052.893449
7053.893562
7054.893674
7055.893787
7056.893899
7057.894012
7058.894124
7059.894237
7060.894349
7061.894462
7062.894574
7063.894687
7064.894799
7065.894912
7066.895024
7067.895137
7068.895249
7069.895362
7070.895474
7071.895587
7072.895699
7073.895812
7074.895924
7075.896037
7076.896150
7077.896262
7078.896375
7079.896487
7080.896600
7081.896712
7082.896825
7083.896937
7084.897050
7085.897162
7086.897275
7087.897387
7088.897500
7089.897612
7090.897725
7091.897837
7092.897950
7093.898062
7094.898175
7095.898287
7096.898400
7097.898512
7098.898625
7099.898737
7100.898850
7101.898962
7102.899075
7103.899187
7104.899300
7105.899412
7106.899525
7107.899637
7108.899750
7109.899862
7110.899975
7111.900088
7112.900200
7113.900313
7114.900425
7115.900538
7116.900650
7117.900763
7118.900875
7119.900988
7120.901100
7121.901213
7122.901325
7123.901438
7124.901550
7125.901663
7126.901775
7127.901888
7128.902000
7129.902113
7130.902225
7131.902338
7132.902450
7133.902563
7134.902675
7135.902788
7136.902900
7137.903013
7138.903125
7139.903238
7140.903350
7141.903463
7142.903575
7143.903688
7144.903800
7145.903913
7146.904026
7147.904138
7148.904251
7149.904363
7150.904476
7151.904588
7152.904701
7153.904813
7154.904926
7155.905038
7156.905151
7157.905263
7158.905376
7159.905488
7160.905601
7161.905713
7162.905826
7163.905938
7164.906051
7165.906163
7166.906276
7167.906388
7168.906501
7169.906613
7170.906726
7171.906838
7172.906951
7173.907063
7174.907176
7175.907288
7176.907401
7177.907513
7178.907626
7179.907738
7180.907851
7181.907963
7182.908076
7183.908189
7184.908301
7185.908414
7186.908526
7187.908639
7188.908751
7189.908864
7190.908976
7191.909089
7192.909201
7193.909314
7194.909426
7195.909539
7196.909651
7197.909764
7198.909876
7199.909989
7200.910101
7201.910214
7202.910326
7203.910439
7204.910551
7205.910664
7206.910776
7207.910889
7208.911001
7209.911114
7210.911226
7211.911339
7212.911451
7213.911564
7214.911676
7215.911789
7216.911901
7217.912014
7218.912127
7219.912239
7220.912352
7221.912464
7222.912577
7223.912689
7224.912802
7225.912914
7226.913027
7227.913139
7228.913252
7229.913364
7230.913477
7231.913589
7232.913702
7233.913814
7234.913927
7235.914039
7236.914152
7237.914264
7238.914377
7239.914489
7240.914602
7241.914714
7242.914827
7243.914939
7244.915052
7245.915164
7246.915277
7247.915389
7248.915502
7249.915614
7250.915727
7251.915839
7252.915952
7253.916065
7254.916177
7255.916290
7256.916402
7257.916515
7258.916627
7259.916740
7260.916852
7261.916965
7262.917077
7263.917190
7264.917302
7265.917415
7266.917527
7267.917640
7268.917752
7269.917865
7270.917977
7271.918090
7272.918202
7273.918315
7274.918427
7275.918540
7276.918652
7277.918765
7278.918877
7279.918990
7280.919102
7281.919215
7282.919327
7283.919440
7284.919552
7285.919665
7286.919777
7287.919890
7288.920003
7289.920115
7290.920228
7291.920340
7292.920453
7293.920565
7294.920678
7295.920790
7296.920903
7297.921015
7298.921128
7299.921240
7300.921353
7301.921465
7302.921578
7303.921690
7304.921803
7305.921915
7306.922028
7307.922140
7308.922253
7309.922365
7310.922478
7311.922590
7312.922703
7313.922815
7314.922928
7315.923040
7316.923153
7317.923265
7318.923378
7319.923490
7320.923603
7321.923715
7322.923828
7323.923940
7324.924053
7325.924166
7326.924278
7327.924391
7328.924503
7329.924616
7330.924728
7331.924841
7332.924953
7333.925066
7334.925178
7335.925291
7336.925403
7337.925516
7338.925628
7339.925741
7340.925853
7341.925966
7342.926078
7343.926191
7344.926303
7345.926416
7346.926528
7347.926641
7348.926753
7349.926866
7350.926978
7351.927091
7352.927203
7353.927316
7354.927428
7355.927541
7356.927653
7357.927766
7358.927878
7359.927991
7360.928104
7361.928216
7362.928329
7363.928441
7364.928554
7365.928666
7366.928779
7367.928891
7368.929004
7369.929116
7370.929229
7371.929341
7372.929454
7373.929566
7374.929679
7375.929791
7376.929904
7377.930016
7378.930129
7379.930241
7380.930354
7381.930466
7382.930579
7383.930691
7384.930804
7385.930916
7386.931029
7387.931141
7388.931254
7389.931366
7390.931479
7391.931591
7392.931704
7393.931816
7394.931929
7395.932042
7396.932154
7397.932267
7398.932379
7399.932492
7400.932604
7401.932717
7402.932829
7403.932942
7404.933054
7405.933167
7406.933279
7407.933392
7408.933504
7409.933617
7410.933729
7411.933842
7412.933954
7413.934067
7414.934179
7415.934292
7416.934404
7417.934517
7418.934629
7419.934742
7420.934854
7421.934967
7422.935079
7423.935192
7424.935304
7425.935417
7426.935529
7427.935642
7428.935754
7429.935867
7430.935979
7431.936092
7432.936205
7433.936317
7434.936430
7435.936542
7436.936655
7437.936767
7438.936880
7439.936992
7440.937105
7441.937217
7442.937330
7443.937442
7444.937555
7445.937667
7446.937780
7447.937892
7448.938005
7449.938117
7450.938230
7451.938342
7452.938455
7453.938567
7454.938680
7455.938792
7456.938905
7457.939017
7458.939130
7459.939242
7460.939355
7461.939467
7462.939580
7463.939692
7464.939805
7465.939917
7466.940030
7467.940143
7468.940255
7469.940368
7470.940480
7471.940593
7472.940705
7473.940818
7474.940930
7475.941043
7476.941155
7477.941268
7478.941380
7479.941493
7480.941605
7481.941718
7482.941830
7483.941943
7484.942055
7485.942168
7486.942280
7487.942393
7488.942505
7489.942618
7490.942730
7491.942843
7492.942955
7493.943068
7494.943180
7495.943293
7496.943405
7497.943518
7498.943630
7499.943743
7500.943855
7501.943968
7502.944081
7503.944193
7504.944306
7505.944418
7506.944531
7507.944643
7508.944756
7509.944868
7510.944981
7511.945093
7512.945206
7513.945318
7514.945431
7515.945543
7516.945656
7517.945768
7518.945881
7519.945993
7520.946106
7521.946218
7522.946331
7523.946443
7524.946556
7525.946668
7526.946781
7527.946893
7528.947006
7529.947118
7530.947231
7531.947343
7532.947456
7533.947568
7534.947681
7535.947793
7536.947906
7537.948019
7538.948131
7539.948244
7540.948356
7541.948469
7542.948581
7543.948694
7544.948806
7545.948919
7546.949031
7547.949144
7548.949256
7549.949369
7550.949481
7551.949594
7552.949706
7553.949819
7554.949931
7555.950044
7556.950156
7557.950269
7558.950381
7559.950494
7560.950606
7561.950719
7562.950831
7563.950944
7564.951056
7565.951169
7566.951281
7567.951394
7568.951506
7569.951619
7570.951731
7571.951844
7572.951956
7573.952069
7574.952182
7575.952294
7576.952407
7577.952519
7578.952632
7579.952744
7580.952857
7581.952969
7582.953082
7583.953194
7584.953307
7585.953419
7586.953532
7587.953644
7588.953757
7589.953869
7590.953982
7591.954094
7592.954207
7593.954319
7594.954432
7595.954544
7596.954657
7597.954769
7598.954882
7599.954994
7600.955107
7601.955219
7602.955332
7603.955444
7604.955557
7605.955669
7606.955782
7607.955894
7608.956007
7609.956120
7610.956232
7611.956345
7612.956457
7613.956570
7614.956682
7615.956795
7616.956907
7617.957020
7618.957132
7619.957245
7620.957357
7621.957470
7622.957582
7623.957695
7624.957807
7625.957920
7626.958032
7627.958145
7628.958257
7629.958370
7630.958482
7631.958595
7632.958707
7633.958820
7634.958932
7635.959045
7636.959157
7637.959270
7638.959382
7639.959495
7640.959607
7641.959720
7642.959832
7643.959945
7644.960058
7645.960170
7646.960283
7647.960395
7648.960508
7649.960620
7650.960733
7651.960845
7652.960958
7653.961070
7654.961183
7655.961295
7656.961408
7657.961520
7658.961633
7659.961745
7660.961858
7661.961970
7662.962083
7663.962195
7664.962308
7665.962420
7666.962533
7667.962645
7668.962758
7669.962870
7670.962983
7671.963095
7672.963208
7673.963320
7674.963433
7675.963545
7676.963658
7677.963770
7678.963883
7679.963995
7680.964108
7681.964221
7682.964333
7683.964446
7684.964558
7685.964671
7686.964783
7687.964896
7688.965008
7689.965121
7690.965233
7691.965346
7692.965458
7693.965571
7694.965683
7695.965796
7696.965908
7697.966021
7698.966133
7699.966246
7700.966358
7701.966471
7702.966583
7703.966696
7704.966808
7705.966921
7706.967033
7707.967146
7708.967258
7709.967371
7710.967483
7711.967596
7712.967708
7713.967821
7714.967933
7715.968046
7716.968159
7717.968271
7718.968384
7719.968496
7720.968609
7721.968721
7722.968834
7723.968946
7724.969059
7725.969171
7726.969284
7727.969396
7728.969509
7729.969621
7730.969734
7731.969846
7732.969959
7733.970071
7734.970184
7735.970296
7736.970409
7737.970521
7738.970634
7739.970746
7740.970859
7741.970971
7742.971084
7743.971196
7744.971309
7745.971421
7746.971534
7747.971646
7748.971759
7749.971871
7750.971984
7751.972097
7752.972209
7753.972322
7754.972434
7755.972547
7756.972659
7757.972772
7758.972884
7759.972997
7760.973109
7761.973222
7762.973334
7763.973447
7764.973559
7765.973672
7766.973784
7767.973897
7768.974009
7769.974122
7770.974234
7771.974347
7772.974459
7773.974572
7774.974684
7775.974797
7776.974909
7777.975022
7778.975134
7779.975247
7780.975359
7781.975472
7782.975584
7783.975697
7784.975809
7785.975922
7786.976035
7787.976147
7788.976260
7789.976372
7790.976485
7791.976597
7792.976710
7793.976822
7794.976935
7795.977047
7796.977160
7797.977272
7798.977385
7799.977497
7800.977610
7801.977722
7802.977835
7803.977947
7804.978060
7805.978172
7806.978285
7807.978397
7808.978510
7809.978622
7810.978735
7811.978847
7812.978960
7813.979072
7814.979185
7815.979297
7816.979410
7817.979522
7818.979635
7819.979747
7820.979860
7821.979972
7822.980085
7823.980198
7824.980310
7825.980423
7826.980535
7827.980648
7828.980760
7829.980873
7830.980985
7831.981098
7832.981210
7833.981323
7834.981435
7835.981548
7836.981660
7837.981773
7838.981885
7839.981998
7840.982110
7841.982223
7842.982335
7843.982448
7844.982560
7845.982673
7846.982785
7847.982898
7848.983010
7849.983123
7850.983235
7851.983348
7852.983460
7853.983573
7854.983685
7855.983798
7856.983910
7857.984023
7858.984136
7859.984248
7860.984361
7861.984473
7862.984586
7863.984698
7864.984811
7865.984923
7866.985036
7867.985148
7868.985261
7869.985373
7870.985486
7871.985598
7872.985711
7873.985823
7874.985936
7875.986048
7876.986161
7877.986273
7878.986386
7879.986498
7880.986611
7881.986723
7882.986836
7883.986948
7884.987061
7885.987173
7886.987286
7887.987398
7888.987511
7889.987623
7890.987736
7891.987848
7892.987961
7893.988074
7894.988186
7895.988299
7896.988411
7897.988524
7898.988636
7899.988749
7900.988861
7901.988974
7902.989086
7903.989199
7904.989311
7905.989424
7906.989536
7907.989649
7908.989761
7909.989874
7910.989986
7911.990099
7912.990211
7913.990324
7914.990436
7915.990549
7916.990661
7917.990774
7918.990886
7919.990999
7920.991111
7921.991224
7922.991336
7923.991449
7924.991561
7925.991674
7926.991786
7927.991899
7928.992012
7929.992124
7930.992237
7931.992349
7932.992462
7933.992574
7934.992687
7935.992799
7936.992912
7937.993024
7938.993137
7939.993249
7940.993362
7941.993474
7942.993587
7943.993699
7944.993812
7945.993924
7946.994037
7947.994149
7948.994262
7949.994374
7950.994487
7951.994599
7952.994712
7953.994824
7954.994937
7955.995049
7956.995162
7957.995274
7958.995387
7959.995499
7960.995612
7961.995724
7962.995837
7963.995949
7964.996062
7965.996175
7966.996287
7967.996400
7968.996512
7969.996625
7970.996737
7971.996850
7972.996962
7973.997075
7974.997187
7975.997300
7976.997412
7977.997525
7978.997637
7979.997750
7980.997862
7981.997975
7982.998087
7983.998200
7984.998312
7985.998425
7986.998537
7987.998650
7988.998762
7989.998875
7990.998987
7991.999100
7992.999212
7993.999325
7994.999437
7995.999550
7996.999662
7997.999775
7998.999887
8000.000000
